39 3 40 628 881 
2 1 1 
4 1 5 
7 1 6 
23 1 1078 
453 1 452 
880 1 879 
409 1 851 
477 1 476 
629 2 50 53 
538 1 622 
623 1 841 
598 1 597 
373 1 793 
561 1 594 
1073 1 1071 
253 1 252 
516 1 515 
164 1 599 
11 1 560 
28 1 27 
401 1 232 
212 1 211 
536 2 535 591 
1074 1 1075 
43 1 44 
1019 1 1020 
131 1 132 
933 1 930 
51 1 52 
65 1 393 
432 1 431 
846 1 712 
876 1 1028 
901 1 902 
858 1 857 
987 1 985 
137 2 169 843 
284 2 285 296 
280 1 279 
1014 1 1015 
106 1 458 
297 1 295 
405 1 406 
848 1 997 
781 1 782 
468 1 467 
891 1 892 
414 1 1029 
896 1 1064 
888 1 45 
107 1 1040 
711 1 845 
837 1 836 
470 2 471 1068 
47 1 1036 
108 2 496 1044 
490 1 489 
810 1 809 
1006 1 1007 
894 2 263 1065 
46 1 889 
488 1 487 
675 1 890 
1011 1 1012 
682 1 399 
1026 1 1025 
76 1 75 
693 1 886 
49 1 48 
397 1 396 
74 1 1037 
13 1 596 
30 1 29 
1095 1 1096 
1128 1 1127 
153 1 152 
1138 2 14 1137 
15 1 16 
19 2 18 823 
388 1 387 
390 1 391 
20 1 21 
32 1 33 
36 2 35 631 
392 1 855 
55 1 54 
541 1 542 
912 1 913 
81 1 540 
904 1 903 
562 2 58 911 
59 1 60 
62 1 1144 
66 1 67 
669 2 68 398 
78 1 77 
677 1 676 
79 1 80 
83 1 632 
117 1 118 
151 1 150 
575 1 574 
87 1 1143 
88 1 89 
604 1 90 
603 1 602 
634 1 635 
798 2 91 799 
93 2 92 374 
600 1 829 
830 1 831 
668 2 95 667 
98 1 99 
110 1 109 
111 1 1042 
491 1 492 
145 1 1080 
701 1 702 
698 1 500 
697 1 696 
908 1 909 
188 1 1083 
543 1 148 
190 1 189 
241 1 242 
1113 1 1114 
249 1 215 
197 1 198 
725 2 724 726 
193 1 192 
113 2 112 905 
115 2 114 149 
121 1 120 
1145 1 1142 
123 2 122 124 
125 2 573 1149 
127 2 126 128 
572 2 129 571 
133 1 678 
136 2 135 681 
138 1 994 
173 1 174 
139 1 140 
687 2 686 887 
177 2 176 1030 
181 1 1032 
460 1 1045 
694 1 695 
236 2 501 718 
462 2 461 463 
1047 1 1046 
504 1 749 
723 1 722 
503 1 502 
505 1 750 
910 1 740 
142 1 715 
146 1 147 
159 1 158 
205 1 932 
206 1 248 
246 1 276 
207 1 208 
161 1 160 
210 1 209 
162 1 163 
166 1 167 
856 2 168 854 
182 1 1049 
183 1 184 
200 1 201 
213 1 214 
217 2 216 218 
614 1 613 
221 1 220 
708 1 707 
807 1 802 
709 2 226 710 
228 1 227 
835 1 833 
425 1 426 
429 1 733 
244 1 245 
250 1 251 
256 1 257 
260 1 261 
466 1 465 
262 1 748 
265 1 264 
509 1 1053 
512 2 513 759 
753 1 754 
552 1 267 
752 1 739 
506 1 1052 
269 1 268 
553 1 554 
271 1 272 
282 1 897 
274 1 275 
292 1 291 
293 1 294 
298 2 783 866 
299 1 300 
474 1 473 
302 1 303 
519 2 304 518 
305 1 520 
942 1 941 
308 1 309 
313 2 312 435 
322 1 323 
319 1 407 
867 1 868 
317 3 316 522 945 
325 1 326 
523 1 328 
524 1 951 
329 1 330 
341 1 350 
957 1 956 
332 1 333 
343 3 334 342 976 
351 1 977 
336 1 335 
443 1 442 
348 1 349 
445 1 953 
966 1 965 
954 2 338 955 
339 1 340 
532 1 531 
959 1 958 
960 1 961 
449 2 353 448 
450 2 355 973 
357 1 358 
361 2 360 362 
612 1 610 
800 2 364 608 
801 1 365 
367 1 366 
382 1 383 
369 1 368 
370 1 371 
375 1 832 
796 1 795 
380 2 379 381 
384 1 385 
1024 2 410 1022 
418 1 419 
430 1 1016 
439 1 438 
528 1 527 
949 1 792 
688 1 459 
689 1 499 
480 1 620 
482 1 481 
483 1 484 
525 1 526 
529 1 530 
548 1 547 
550 2 551 742 
556 1 557 
566 1 565 
568 1 775 
569 1 570 
1164 1 1165 
922 1 921 
1155 2 580 1152 
581 1 582 
928 1 929 
584 1 585 
587 1 812 
588 1 820 
589 1 590 
606 1 607 
619 1 1139 
626 1 627 
637 1 638 
641 1 642 
643 1 984 
645 1 646 
647 1 648 
651 1 652 
653 1 813 
654 1 655 
656 1 657 
658 1 659 
661 1 662 
664 1 665 
824 2 666 825 
691 1 1043 
703 1 1082 
704 1 705 
713 1 714 
728 2 727 1009 
729 1 859 
998 1 1001 
743 1 744 
756 1 757 
758 1 1069 
762 1 763 
765 1 766 
768 2 769 1157 
935 1 936 
771 1 772 
776 1 777 
779 1 780 
786 1 787 
789 1 790 
797 1 844 
805 1 806 
815 1 816 
818 1 819 
827 1 828 
849 1 850 
852 1 853 
871 1 872 
877 1 878 
915 1 916 
1129 1 1130 
1133 1 1134 
924 1 925 
937 1 938 
939 1 940 
943 1 944 
947 1 948 
970 1 971 
975 2 974 978 
979 1 980 
982 1 983 
988 1 989 
1002 2 999 1003 
1033 1 1034 
1038 1 1039 
1054 1 1055 
1057 1 1058 
1061 1 1062 
1066 1 1067 
1077 1 1079 
1084 1 1085 
1087 1 1088 
1090 1 1091 
1093 1 1115 
1099 1 1100 
1102 1 1103 
1105 1 1106 
1120 1 1121 
1147 1 1148 
1158 1 1159 
1161 1 1162 
1166 1 1167 
1168 1 1169 
1170 1 1171 
1173 1 1174 
