2 1 1 
3 1 5 
4 4 7 8 10 11 
13 1 14 
16 2 17 19 
20 2 22 23 
26 3 25 27 29 
30 1 31 
33 1 34 
36 8 38 39 41 42 44 45 47 48 
50 1 51 
53 1 54 
56 1 57 
59 1 61 
62 1 63 
65 1 66 
67 3 68 70 71 
74 1 76 
77 7 79 80 82 83 85 86 89 
94 3 99 100 102 
97 7 161 163 164 166 167 170 172 
92 3 81 105 106 
139 1 160 
169 2 173 175 
128 2 141 142 
126 2 137 138 
93 13 108 109 111 112 114 115 117 118 120 121 123 124 127 
140 2 131 156 
135 5 148 149 151 152 154 
125 1 136 
134 3 143 145 146 
176 1 177 
179 1 178 
180 6 181 182 184 185 187 188 
191 1 189 
192 1 193 
194 1 195 
196 1 197 
199 1 200 
202 1 203 
205 1 206 
208 1 209 
211 1 212 
214 1 216 
217 1 218 
220 1 221 
223 1 224 
226 1 227 
230 7 229 232 233 235 236 238 239 
241 20 242 243 245 248 249 254 255 257 258 260 261 263 264 266 267 269 270 272 273 275 
276 4 281 283 284 286 
278 1 289 
268 1 280 
