268 1 280 
278 1 289 
276 4 281 283 284 286 
241 20 242 243 245 248 249 254 255 257 258 260 261 263 264 266 267 269 270 272 273 275 
230 7 229 232 233 235 236 238 239 
226 1 227 
223 1 224 
220 1 221 
217 1 218 
214 1 216 
211 1 212 
208 1 209 
205 1 206 
202 1 203 
199 1 200 
196 1 197 
194 1 195 
192 1 193 
191 1 189 
180 6 181 182 184 185 187 188 
179 1 178 
176 1 177 
134 3 143 145 146 
125 1 136 
135 5 148 149 151 152 154 
140 2 131 156 
93 13 108 109 111 112 114 115 117 118 120 121 123 124 127 
126 2 137 138 
128 2 141 142 
169 2 173 175 
139 1 160 
92 3 81 105 106 
97 7 161 163 164 166 167 170 172 
94 3 99 100 102 
77 7 79 80 82 83 85 86 89 
74 1 76 
67 3 68 70 71 
65 1 66 
62 1 63 
59 1 61 
56 1 57 
53 1 54 
50 1 51 
36 8 38 39 41 42 44 45 47 48 
33 1 34 
30 1 31 
26 3 25 27 29 
20 2 22 23 
16 2 17 19 
13 1 14 
4 4 7 8 10 11 
3 1 5 
2 1 1 
