1 1 2 
3 5 222 538 830 846 1153 
403 1 987 
1541 2 630 1530 
1423 8 1312 1404 1410 1414 1415 1459 1471 1507 
1436 2 1035 1453 
1532 1 1491 
25 2 294 1382 
148 1 138 
477 1 228 
1050 3 681 725 748 
1262 2 1563 1564 
1363 1 1366 
1063 3 123 201 1059 
382 1 23 
1544 1 5 
479 6 370 401 412 867 884 886 
536 1 995 
555 1 160 
869 1 263 
1520 1 674 
1567 8 292 857 912 1012 1015 1085 1103 1406 
285 1 986 
433 1 485 
1246 1 1364 
1304 3 1286 1325 1372 
1307 2 1240 1326 
1426 2 88 730 
1473 1 1483 
1493 1 425 
1515 1 790 
30 2 301 1405 
1160 5 105 414 965 1159 1534 
1497 1 1251 
1519 2 9 408 
1523 1 232 
1570 1 1488 
106 1 374 
113 1 1056 
146 1 299 
234 1 459 
242 1 470 
501 5 413 496 497 511 752 
626 2 423 1335 
658 3 640 661 693 
838 8 81 342 360 609 654 663 685 993 
1261 2 182 1420 
1301 1 825 
1465 2 862 1111 
1501 3 35 200 349 
1550 1 380 
26 1 21 
115 2 259 929 
151 1 140 
205 1 970 
1058 1 20 
1309 1 1514 
1359 1 331 
1451 2 92 165 
1502 1 14 
1508 1 107 
424 1 437 
57 2 61 913 
657 1 636 
1292 1 914 
840 1 813 
1397 5 280 565 589 607 703 
517 1 464 
714 3 196 238 851 
1511 1 859 
711 1 343 
1387 1 1238 
62 3 396 411 429 
90 1 1555 
153 1 371 
545 1 546 
635 1 1250 
1249 1 1535 
1279 1 1282 
1315 1 1329 
1320 1 1318 
1368 1 785 
1517 2 69 267 
223 2 203 255 
322 1 304 
328 1 320 
406 1 183 
476 1 125 
508 1 1458 
531 2 385 526 
1525 1 383 
1386 1 1516 
1539 1 337 
102 1 73 
197 1 64 
478 1 410 
739 3 336 347 384 
1199 1 971 
457 1 256 
644 1 50 
158 1 36 
888 2 1037 1223 
738 1 729 
1244 1 325 
144 2 152 303 
547 2 597 699 
751 1 750 
1247 1 1283 
1371 1 1317 
1540 1 355 
1462 1 8 
1403 1 1400 
1374 1 130 
1513 1 15 
68 1 67 
522 1 516 
689 1 558 
889 4 623 927 1191 1546 
592 1 585 
962 2 865 925 
978 1 896 
1344 2 1345 1347 
316 1 191 
188 1 582 
629 1 631 
1447 1 1448 
209 1 254 
1239 1 1237 
513 1 1571 
180 1 276 
363 1 362 
1228 2 1186 1227 
505 1 503 
977 1 769 
550 1 588 
973 1 974 
1123 3 454 1090 1106 
225 2 111 224 
932 1 727 
221 1 358 
359 1 361 
577 1 578 
690 1 709 
720 1 1125 
1045 2 1002 1048 
1040 1 1041 
1132 1 1137 
1146 1 1209 
1148 1 1149 
1151 1 1163 
