3 2 483 489 
5 9 43 369 634 676 681 687 688 692 694 
11 8 503 629 655 727 730 748 749 787 
12 1 702 
69 9 245 252 259 260 263 264 265 274 280 
15 5 402 459 466 468 470 
16 3 746 778 779 
71 6 453 454 622 670 728 793 
20 8 335 537 538 539 540 549 550 552 
21 8 596 597 598 599 601 602 603 606 
25 5 304 521 739 781 790 
29 1 295 
60 8 235 658 705 707 710 711 713 715 
65 1 88 
89 4 94 95 98 99 
91 2 327 333 
93 3 403 413 419 
97 1 680 
114 1 116 
121 2 380 390 
133 1 733 
139 1 724 
176 1 230 
203 1 654 
273 1 762 
482 1 633 
487 1 683 
490 1 700 
495 1 774 
195 1 682 
267 1 660 
406 1 579 
423 1 753 
690 1 776 
131 4 336 569 571 575 
303 1 553 
674 1 673 
244 1 243 
726 1 795 
186 2 220 225 
190 1 783 
28 1 36 
59 1 364 
308 1 309 
310 1 480 
429 2 583 786 
519 1 520 
467 1 704 
478 1 785 
66 1 782 
51 1 564 
168 1 640 
170 1 677 
73 4 79 81 83 86 
74 2 289 291 
80 1 621 
87 6 668 725 732 771 792 796 
560 1 738 
653 1 664 
226 1 227 
108 1 592 
181 1 756 
240 1 649 
325 1 672 
342 1 452 
451 1 578 
543 1 587 
42 3 41 61 67 
211 1 210 
54 1 608 
149 1 768 
306 1 305 
338 1 448 
356 1 684 
373 2 593 750 
397 1 398 
445 3 444 657 794 
505 1 729 
523 1 743 
644 1 645 
154 1 155 
623 1 624 
766 1 767 
182 1 184 
224 1 744 
30 1 363 
703 1 742 
642 1 641 
100 1 102 
529 2 530 531 
591 1 625 
449 1 450 
581 1 582 
436 1 611 
242 1 788 
147 2 760 761 
101 1 632 
736 1 737 
648 1 647 
