1 63 1
1 74 1
1 87 1
2 63 1
2 80 1
2 94 1
2 95 1
2 97 1
3 63 1
3 97 1
3 98 1
4 63 1
4 79 1
4 85 1
5 63 1
5 64 1
5 91 1
6 63 1
6 95 1
6 102 1
7 63 1
7 79 1
8 63 1
8 90 1
8 91 1
8 95 1
9 63 1
9 81 1
10 63 1
10 87 1
11 63 1
11 65 1
11 67 1
11 68 1
11 82 1
12 63 1
12 64 1
13 63 1
13 64 1
13 65 1
14 63 1
14 66 1
15 63 1
15 70 1
16 64 1
17 63 1
18 67 1
19 65 1
19 66 1
19 68 1
19 69 1
20 68 1
20 69 1
21 67 1
21 68 1
22 63 1
22 80 1
22 96 1
22 97 1
22 99 1
23 64 1
23 97 1
24 76 1
25 74 1
25 75 1
26 72 1
26 73 1
27 77 1
28 90 1
28 99 1
29 72 1
29 75 1
30 63 1
30 80 1
30 82 1
30 83 1
30 87 1
30 88 1
30 90 1
31 81 1
31 92 1
31 93 1
31 101 1
32 87 1
32 92 1
33 73 1
33 81 1
33 87 1
33 92 1
33 94 1
33 95 1
33 96 1
33 97 1
34 79 1
35 87 1
35 93 1
35 94 1
36 63 1
36 79 1
36 92 1
36 93 1
36 96 1
36 98 1
37 82 1
37 83 1
37 87 1
38 79 1
38 80 1
38 92 1
39 79 1
39 87 1
39 92 1
39 93 1
40 70 1
40 73 1
40 76 1
40 87 1
41 79 1
41 93 1
41 95 1
42 77 1
42 79 1
42 81 1
42 91 1
42 93 1
42 96 1
42 100 1
43 64 1
43 79 1
43 88 1
44 75 1
44 79 1
44 81 1
44 84 1
44 85 1
44 87 1
44 93 1
45 79 1
46 79 1
46 99 1
47 85 1
47 89 1
47 91 1
48 87 1
49 89 1
50 71 1
50 81 1
50 92 1
50 100 1
51 87 1
51 97 1
51 98 1
51 99 1
51 101 1
52 79 1
52 80 1
52 81 1
52 82 1
52 83 1
52 85 1
52 99 1
53 79 1
53 81 1
53 82 1
53 86 1
53 89 1
53 90 1
53 92 1
53 95 1
54 80 1
54 84 1
54 99 1
55 82 1
55 85 1
55 93 1
55 94 1
56 74 1
56 81 1
57 80 1
57 100 1
58 71 1
58 84 1
58 90 1
58 100 1
59 84 1
59 85 1
59 91 1
60 71 1
60 102 1
61 102 1
62 83 1
62 94 1
