205 4 330 515 519 520
111 3 381 386 387
2 2 1 3 
9 1 7 
12 1 14 
13 1 17 
896 1 1397 
911 1 1398 
888 1 887 
20 1 21 
27 2 26 28 
30 2 29 31 
33 1 32 
35 2 36 394 
39 2 38 40 
41 1 47 
44 1 72 
45 2 80 90 
59 1 652 
61 1 655 
64 1 763 
85 1 216 
49 1 592 
591 1 687 
124 1 134 
129 1 128 
130 1 1350 
229 1 831 
1448 1 1446 
107 2 218 224 
503 1 502 
102 1 116 
598 3 596 688 770 
135 1 369 
1347 1 1346 
396 1 561 
344 1 345 
348 1 349 
227 2 226 228 
1037 1 1042 
204 1 283 
209 1 569 
212 1 647 
213 1 764 
223 1 1290 
171 1 182 
100 1 99  
114 1 1372 
136 1 821 
185 1 331 
395 1 559 
563 1 1192 
733 1 734 
1040 1 1041 
282 1 284 
174 1 193 
991 1 993 
677 1 675 
105 1 106 
112 1 696 
373 1 374 
244 1 251 
299 2 326 787 
328 1 773 
336 1 335 
337 1 785 
201 1 200 
566 1 850 
467 1 685 
188 1 342 
175 1 178 
962 1 960 
194 1 196 
254 1 1411 
775 1 774 
776 1 777 
782 1 783 
600 1 602 
603 1 1298 
492 1 494 
483 1 482 
1197 1 1198 
686 1 1308 
533 1 978 
444 1 443 
268 1 267 
959 1 961 
1224 1 1226 
122 1 423 
1297 1 1295 
460 1 462 
535 1 538 
536 2 1118 1119 
797 1 1370 
239 1 238 
424 1 620 
994 1 992 
146 1 147 
980 1 981 
1120 1 1121 
1272 1 1270 
619 1 621 
739 1 740 
310 1 845 
276 1 274 
1110 1 1111 
144 1 152 
528 1 527 
542 1 1056 
544 1 1193 
550 1 551 
198 2 791 796 
737 1 1161 
470 1 469 
1294 1 1296 
477 1 479 
148 1 637 
548 1 1055 
1419 1 1423 
1422 1 1424 
279 1 705 
639 1 638 
642 1 643 
272 1 271 
197 1 195 
1242 1 1246 
1157 1 1156 
153 1 1182 
810 1 811 
1049 1 1048 
814 1 813 
1227 1 1225 
142 2 141 143 
192 1 709 
205 4 330 515 519 520 
514 1 522 
521 1 654 
512 1 523 
232 2 231 233 
235 2 234 236 
237 1 1154 
1153 1 1152 
257 2 256 258 
260 3 259 261 262 
264 1 265 
280 2 281 706 
290 2 289 291 
304 1 305 
313 1 314 
351 1 352 
354 2 353 356 
359 2 358 360 
362 1 361 
363 1 364 
366 2 365 367 
376 1 375 
378 1 380 
379 1 913 
832 1 830 
388 1 1380 
398 1 399 
406 2 405 407 
409 2 408 410 
441 1 442 
445 1 446 
447 1 448 
458 1 459 
480 2 478 1284 
497 1 496 
500 1 501 
552 1 553 
1150 1 1151 
571 1 572 
575 3 574 576 577 
611 1 1450 
610 1 877 
1451 1 1453 
875 1 873 
999 1 855 
622 1 626 
625 1 628 
635 1 636 
645 2 644 646 
657 2 656 658 
660 2 659 661 
670 1 672 
673 1 671 
674 1 676 
683 1 684 
691 2 690 692 
694 2 693 695 
697 1 698 
699 1 700 
703 2 702 704 
715 1 716 
741 1 742 
743 1 744 
746 1 745 
749 2 747 754 
751 1 750 
752 1 1316 
760 1 761 
766 1 765 
767 2 769 771 
768 1 996 
779 1 780 
788 1 789 
801 1 800 
807 1 808 
819 1 820 
823 2 822 824 
826 2 825 827 
828 1 829 
834 1 835 
837 1 838 
839 1 840 
842 2 841 843 
851 1 852 
853 2 854 856 
858 1 859 
862 1 863 
866 2 865 867 
868 1 869 
872 2 871 874 
878 1 882 
885 2 884 886 
924 1 928 
930 1 931 
934 2 933 936 
937 2 938 967 
944 2 943 945 
963 2 964 966 
965 1 985 
971 1 972 
973 1 974 
976 2 975 977 
982 1 983 
986 1 987 
1007 1 1008 
1011 2 1010 1012 
1013 1 1014 
1020 1 1021 
1033 2 1032 1034 
1067 2 1065 1068 
1071 2 1070 1072 
1073 1 1074 
1076 2 1075 1077 
1082 1 1080 
1083 1 1085 
1084 1 1086 
1088 2 1087 1089 
1090 1 1091 
1093 2 1092 1094 
1114 2 1113 1115 
1116 1 1117 
1125 1 1126 
1328 1 1326 
1129 1 1130 
1136 2 1135 1137 
1139 2 1138 1140 
1163 1 1164 
1174 1 1175 
1179 1 1180 
1184 1 1191 
1190 1 1189 
1195 1 1196 
1202 2 1201 1203 
1204 1 1205 
1206 2 1207 1209 
1210 1 1208 
1222 1 1223 
1256 1 1257 
1259 1 1260 
1263 1 1264 
1265 1 1266 
1282 1 1283 
1287 2 1286 1288 
1301 2 1300 1302 
1303 2 1304 1305 
1310 1 1311 
1313 1 1314 
1318 2 1317 1319 
1322 1 1321 
1325 1 1327 
1336 1 1337 
1339 1 1338 
1342 1 1343 
1351 1 1352 
1354 2 1353 1355 
1357 1 1358 
1361 2 1360 1362 
1368 1 1369 
1374 1 1375 
1378 2 1377 1379 
1383 2 1382 1384 
1402 1 1403 
1405 2 1404 1406 
1408 2 1407 1409 
1413 2 1412 1414 
1415 1 1416 
1432 2 1431 1433 
1435 1 1436 
1438 1 1439 
1441 2 1440 1442 
1445 2 1444 1447 
1454 2 1452 1455 
1457 1 1458 
1459 1 1460 
