1 1 2 
5 1 46 
6 2 4 47 
20 1 25 
28 1 40 
54 1 53 
251 1 253 
43 2 44 45 
30 1 74 
90 3 93 99 356 
36 1 312 
103 1 357 
68 3 94 97 100 
79 1 91 
69 1 71 
76 1 86 
73 2 39 146 
75 1 84 
82 2 77 218 
62 2 65 66 
8 1 7 
167 1 171 
10 1 184 
11 1 13 
113 1 110 
17 1 18 
50 2 52 154 
56 1 57 
59 2 58 61 
72 1 145 
115 1 117 
119 2 118 121 
120 2 123 125 
128 1 127 
129 2 360 362 
130 3 363 381 382 
132 1 136 
135 1 182 
139 1 183 
142 2 141 143 
153 2 152 314 
155 1 369 
159 1 160 
175 1 176 
178 1 179 
186 1 181 
196 2 195 198 
200 1 201 
203 1 204 
205 1 206 
208 1 209 
210 1 211 
212 1 213 
214 1 285 
216 1 217 
220 1 221 
223 1 224 
225 1 228 
226 1 230 
232 1 229 
233 1 234 
236 1 235 
238 1 242 
245 1 348 
247 1 249 
255 1 256 
257 1 258 
260 1 262 
264 1 266 
267 1 296 
268 1 269 
271 2 270 273 
275 1 276 
278 1 279 
280 1 281 
283 1 284 
287 1 288 
290 1 291 
293 1 294 
297 1 298 
299 1 301 
303 1 304 
305 1 306 
308 1 309 
311 1 315 
317 1 318 
319 1 320 
322 1 323 
326 2 325 328 
329 1 330 
349 1 350 
351 1 352 
354 1 355 
359 1 364 
366 1 367 
370 2 368 372 
374 1 373 
376 1 377 
378 1 379 
384 1 385 
387 1 388 
390 1 391 
393 1 394 
396 2 395 398 
406 1 407 
409 1 410 
412 1 413 
415 1 416 
417 1 418 
423 2 422 425 
428 2 427 430 
