1037 13 1170 3079 3089 3412 3657 3660 3663 3666 3669 3672 3673 3675 3676 
4 1 1011 
8 2 1360 1362 
10 1 1989 
11 1 686 
17 1 5705 
189 1 105 
247 1 2018 
334 2 730 1908 
355 1 802 
57 2 144 324 
59 1 1450 
62 1 684 
69 2 1934 1938 
74 1 1988 
75 5 2274 2280 2282 2283 2285 
81 1 9071 
138 3 217 218 220 
155 1 1952 
222 1 368 
349 1 1748 
26 1 1248 
50 2 4249 13823 
54 2 687 3016 
58 3 1368 1370 1371 
82 1 809 
118 2 117 132 
308 1 1896 
691 1 2265 
694 1 3914 
30 3 1098 1459 1461 
1006 1 4700 
199 1 1687 
576 1 2858 
1091 1 10940 
240 1 1801 
679 1 11466 
688 1 793 
759 2 6289 10898 
169 1 1795 
1683 1 13523 
4232 2 9978 11380 
5083 2 5085 5086 
53 1 400 
164 1 2326 
6 1 1454 
40 1 1045 
255 5 4027 4832 5004 5006 5012 
487 1 4797 
557 2 882 1672 
618 2 5551 5553 
1056 1 3870 
1057 1 3871 
1062 2 5743 5745 
12258 1 12259 
23 1 818 
224 2 229 893 
235 1 234 
1928 1 3627 
1929 1 8533 
188 2 194 3441 
717 1 2592 
68 3 2427 5706 12483 
360 5 2691 2699 2703 2705 2709 
529 2 1343 1344 
556 1 881 
559 1 12676 
560 2 1556 1557 
278 1 13735 
791 1 9418 
1512 1 13739 
36 13 671 2286 2287 2304 2307 2308 2310 2311 2313 2314 2317 2319 2322 
391 3 2494 2497 13924 
779 1 8539 
797 2 1014 1022 
1907 1 5626 
92 1 3706 
525 2 5518 5519 
732 2 3090 3565 
734 1 3824 
735 5 1108 1110 1111 1113 3825 
800 3 2460 2462 2463 
803 1 5756 
2515 1 4174 
2572 1 5068 
500 3 570 5029 5328 
973 1 980 
975 3 352 9019 13361 
31 1 1811 
140 1 1033 
143 3 1177 1179 1180 
150 1 1625 
152 5 1814 1816 1817 1819 1820 
167 2 5822 9442 
204 1 3187 
315 3 3979 3981 3982 
319 1 2011 
321 1 9015 
1084 1 4431 
1086 1 8787 
685 1 5476 
64 1 71 
219 1 10262 
1937 1 3835 
1785 1 4338 
317 2 2680 2682 
330 1 1443 
572 2 3062 3063 
698 1 10950 
705 1 3194 
903 3 905 2211 2212 
916 2 6267 6269 
1017 1 4117 
197 1 1604 
206 3 417 10563 13734 
211 2 4380 7439 
214 1 2969 
299 6 978 2457 6154 13844 13845 13955 
341 7 1182 1189 1191 1198 1203 1207 1210 
752 1 2797 
754 1 2725 
757 1 6285 
1422 1 12647 
970 1 3133 
1521 1 10055 
1951 1 3969 
682 1 1939 
999 1 1526 
542 3 1071 1074 1076 
615 2 1323 1326 
761 2 7297 10988 
878 2 2948 2951 
1294 2 4035 14110 
1656 1 12441 
1750 1 3863 
895 1 8517 
1668 2 11034 11035 
348 1 5315 
700 1 2368 
1741 1 10707 
1742 1 5373 
1747 1 5849 
1169 2 2819 9757 
1184 2 13824 13825 
1246 3 3474 4244 13826 
123 2 592 1538 
756 1 1800 
911 1 913 
1662 1 5892 
89 3 18 7285 13374 
428 1 3730 
1906 1 12648 
455 2 5372 5374 
814 1 10859 
1524 2 4870 4871 
1605 5 2442 2443 2446 2448 6957 
52 1 396 
309 1 1216 
325 1 510 
470 1 4029 
571 1 5671 
739 1 5024 
740 1 961 
172 1 2677 
301 2 1598 1601 
1365 1 1857 
1366 2 2198 13717 
1369 1 12601 
499 2 3008 3013 
41 1 2214 
331 2 9498 10713 
332 1 1882 
337 1 3724 
992 6 3678 3679 3682 3684 3685 3687 
1442 2 4218 4220 
966 2 5504 5873 
792 1 5845 
1523 1 3074 
515 1 2876 
1484 1 3590 
1606 2 2449 5529 
10263 1 14122 
384 1 6417 
554 2 3788 6664 
979 1 2860 
1318 1 12196 
1642 1 4231 
586 1 4669 
1134 2 4879 4881 
764 3 3134 3135 3138 
1633 2 4034 4036 
1665 3 3778 3872 13966 
1158 4 2479 2527 2530 2788 
498 1 3049 
1095 2 1297 1299 
3159 1 8290 
3301 4 1731 6696 6697 6699 
3744 1 3743 
3798 1 5471 
6073 1 13026 
266 1 1676 
566 1 5060 
784 1 786 
1364 1 7402 
1352 1 1796 
1353 3 585 1491 1797 
982 1 1498 
1912 1 2342 
2871 3 4556 4557 4559 
3257 1 5890 
5212 2 5211 6484 
1855 3 7289 10969 10970 
1856 1 6247 
1008 1 8235 
458 1 9110 
579 1 4554 
390 1 583 
2657 1 2658 
3442 1 3444 
476 2 1469 1470 
964 1 1229 
959 2 2510 3526 
1167 3 7117 14268 14269 
221 2 361 6165 
359 1 13272 
467 1 3172 
892 1 12943 
1241 2 5484 6478 
1967 1 1968 
601 1 1425 
3747 1 8546 
10938 1 12887 
965 2 1788 1789 
342 1 4677 
2295 1 13852 
2710 1 11229 
10521 1 10520 
1798 3 3423 3864 3897 
862 1 4149 
716 1 3129 
1437 2 3933 6321 
12 1 768 
2200 1 8086 
1383 1 3781 
485 1 4368 
1643 1 4594 
34 1 976 
179 1 569 
2152 2 2156 2158 
611 1 5065 
1244 4 4234 4235 4238 4243 
1529 2 2711 2712 
5223 2 1822 13950 
10952 1 13116 
5730 2 7092 7093 
6356 1 6601 
2758 1 2757 
216 3 2669 7242 13482 
401 1 613 
403 1 10399 
404 1 4911 
406 1 6117 
407 2 6692 10359 
1160 1 3959 
1163 1 2269 
1168 1 4101 
364 1 4889 
724 1 2855 
1509 2 4593 10833 
2324 1 2340 
94 2 1223 3411 
373 1 1005 
1451 1 13554 
1231 1 5114 
1930 1 12664 
268 2 3603 14044 
3184 2 3971 5870 
251 1 254 
480 1 5056 
651 2 4516 4517 
1259 1 5952 
5003 1 6571 
5009 1 10654 
5010 7 4330 10655 14095 14096 14103 14104 14106 
865 1 4636 
899 2 901 14120 
369 4 372 374 377 4893 
382 1 5103 
2347 2 8544 10265 
726 4 2396 11720 13464 13465 
728 1 5222 
416 1 3082 
264 2 6323 6324 
474 2 481 490 
1592 1 1596 
2412 3 3936 3939 3941 
528 1 713 
1654 1 1658 
1675 1 6595 
1476 1 8780 
5550 1 6463 
6839 2 2933 7691 
291 3 3015 4038 4806 
1039 1 4053 
2685 1 10175 
2688 3 4021 6259 6260 
522 1 5279 
285 5 1821 1830 1833 1835 1836 
841 2 5482 5483 
5170 1 6725 
539 4 1864 5793 6444 6445 
863 2 5127 5128 
962 1 7690 
1337 1 5729 
2225 2 2226 2228 
2595 1 4827 
5740 2 6142 6143 
5742 1 13457 
1655 2 10332 13711 
354 1 4466 
1041 1 8846 
1869 1 1874 
3149 2 13925 14071 
4905 1 12975 
1107 1 3157 
1955 1 3091 
227 1 5675 
232 1 772 
1070 1 1280 
777 1 5052 
2007 1 775 
4688 1 4333 
2197 1 8350 
2762 1 4197 
104 1 1440 
196 1 13921 
1038 3 3742 8654 14092 
1079 2 3779 5357 
821 7 3329 12433 12434 12436 12437 12439 14143 
1913 1 3985 
1914 1 2743 
599 3 3818 3820 3821 
2023 1 10777 
411 2 12485 12486 
1319 1 4370 
2590 1 14113 
302 1 1648 
1282 1 1703 
2738 1 2739 
2936 3 2032 2935 13347 
3621 2 3624 3625 
3655 1 4113 
3658 1 14265 
2389 4 4185 5122 10939 13804 
1669 1 10469 
1735 2 6724 9293 
2615 1 2618 
2678 1 12430 
2697 1 6174 
2700 1 6658 
2702 1 6748 
2708 1 6749 
2350 1 4379 
6743 2 6744 6746 
527 1 538 
543 1 3696 
1097 2 1395 1401 
1099 1 1402 
1332 1 3141 
1334 2 2579 2581 
1335 2 5368 5670 
1340 1 6136 
4328 1 10665 
381 2 3585 5726 
876 1 3127 
879 2 3759 3760 
1752 2 2000 2002 
4319 1 4320 
4566 2 13100 14037 
609 2 1702 6179 
2031 1 11311 
3107 1 13745 
1784 3 2059 2061 2062 
2335 1 4037 
3326 1 8598 
3430 2 3574 3576 
2305 1 9553 
2193 1 4253 
1240 1 5047 
102 3 106 107 113 
1036 2 5331 5333 
1238 1 6719 
1885 1 4858 
505 2 7856 13577 
828 1 10984 
830 2 13648 13649 
1088 2 10870 10871 
1432 1 5488 
2299 1 2301 
2976 3 2975 3502 3504 
4071 3 5169 7494 7497 
1013 1 6384 
2365 1 2366 
3006 1 5156 
5370 1 12814 
517 2 2552 2553 
523 1 4023 
1825 5 2437 3768 3769 3771 3772 
2535 3 6361 6362 6364 
5515 1 11436 
5516 3 11236 13647 13762 
552 1 13910 
3563 1 13452 
1103 3 1102 3892 3894 
2604 1 3083 
5395 1 5396 
541 2 2418 3438 
2298 1 5909 
2465 1 13373 
131 1 3109 
395 2 5536 5537 
6829 1 7961 
1173 3 1175 1848 3633 
820 1 4671 
2642 2 2641 5672 
3699 2 3701 12305 
5415 1 14177 
6575 2 3439 14198 
548 3 2539 2540 2542 
1403 1 5400 
5419 1 11000 
5421 1 13550 
462 1 1690 
2692 1 5444 
45 2 5844 10943 
4018 1 8033 
5369 1 6944 
621 1 3844 
896 1 13838 
1618 2 8816 8818 
2452 1 2454 
3255 2 3260 5321 
1872 1 3265 
67 1 6218 
816 3 1178 2271 4863 
1780 1 13187 
1782 1 3717 
1783 4 4142 7840 11852 12476 
1810 1 10743 
210 1 2974 
1030 1 10942 
1034 1 8898 
1176 1 2015 
5689 4 12834 12837 12838 12840 
3118 2 3123 8653 
3967 1 9334 
314 3 3988 13270 13932 
3185 3 2203 6979 11055 
1384 1 1385 
3975 1 4428 
3978 2 7298 7300 
2133 2 3866 3867 
429 2 4141 4245 
1220 2 10980 10982 
2008 2 13298 13774 
6677 1 8733 
849 2 1496 6365 
3694 1 5480 
1426 2 3193 13859 
948 1 956 
3181 1 6104 
3266 1 3267 
1264 1 10223 
1431 1 5885 
346 2 1375 1376 
738 1 3807 
2544 1 4186 
437 2 9197 10400 
1040 5 7465 10390 13768 13769 13771 
1520 1 3857 
708 1 1430 
2853 2 2903 6925 
1428 1 1933 
2611 1 3899 
2302 2 8143 14005 
2874 1 4967 
3904 5 9199 13850 13952 13956 13957 
2679 2 11916 13736 
587 2 1608 1609 
1444 2 5305 5307 
1446 1 5308 
1279 1 3369 
1286 1 5367 
3195 1 7464 
2208 1 10525 
493 1 12460 
2144 1 2146 
3344 1 7699 
3647 3 3466 3648 3714 
1671 2 2063 3309 
433 2 2896 2899 
7262 2 5794 8916 
1221 1 12313 
722 2 3893 10874 
1183 1 5090 
2178 1 3158 
1222 1 11346 
591 1 13494 
1325 1 2643 
5499 3 5502 6836 13714 
11170 1 11167 
1564 1 2631 
3302 1 6700 
642 2 2767 3846 
963 1 12599 
1185 1 5694 
1186 1 13002 
1192 3 13551 13944 13945 
1194 1 12332 
1200 1 13323 
1204 1 5933 
1206 1 12619 
300 1 2290 
2420 1 7989 
1247 1 231 
1887 1 13578 
80 1 3584 
3508 1 14167 
11185 1 10149 
785 2 789 968 
1751 1 3815 
3524 3 5217 5218 5220 
2982 1 5761 
5875 2 10638 12308 
2879 1 4810 
5655 1 5659 
1072 1 3317 
11360 1 12737 
1464 2 1963 7947 
1467 2 5836 5837 
1468 1 12544 
358 3 3734 13990 14197 
1073 1 2667 
2830 1 5914 
252 2 1865 1868 
1058 1 3167 
1255 1 2167 
1328 2 4305 4306 
1329 1 13729 
2051 2 4387 7061 
371 1 1049 
639 1 638 
3800 3 1714 3856 3858 
2402 3 8455 11045 11046 
652 1 938 
5548 2 6796 7181 
1164 2 2808 2811 
2882 1 4226 
3045 1 6573 
5314 1 13716 
1296 1 2135 
6414 2 6416 6864 
6415 1 6865 
508 2 10776 13350 
2440 1 766 
3712 1 5195 
2560 1 3777 
2645 1 5673 
3551 2 6857 9758 
3793 1 4395 
6389 1 13748 
1153 1 13383 
1449 2 4833 4834 
4531 3 6216 6852 6854 
831 1 9497 
1308 1 3115 
95 1 1292 
1378 2 2722 10692 
1381 1 6215 
2053 1 5688 
2917 2 2918 2920 
4323 1 4321 
3427 3 2820 6835 13747 
674 1 10387 
1065 2 1068 1976 
3662 2 3906 3989 
3901 2 10108 13842 
4873 1 4869 
2928 2 2929 3636 
746 1 1213 
2137 1 9130 
4429 1 6372 
228 1 5686 
1627 1 1677 
1629 3 6805 14039 14040 
1024 1 14261 
1374 1 14212 
5023 1 11887 
1620 2 1622 8822 
1228 3 7243 13848 13849 
1729 2 4285 4287 
2674 2 2597 9392 
1599 1 10836 
861 2 2839 2840 
3007 1 5567 
3010 1 6374 
3011 1 6375 
3014 2 6544 10231 
880 1 11696 
1853 2 13450 14061 
9959 1 9961 
1277 1 5792 
1863 2 2509 11709 
3168 1 13115 
3711 1 5118 
4329 2 7271 7273 
4331 1 4371 
3389 1 9131 
1808 1 12663 
3681 1 13888 
2297 2 5240 7039 
819 1 4670 
3128 1 14251 
1393 2 8378 8380 
1514 2 7450 13753 
1471 1 14201 
2043 2 2046 2047 
4326 2 4325 5038 
1219 2 3105 3264 
1838 4 3351 3654 3850 3851 
12644 1 13311 
3346 5 3349 3350 3352 3353 3355 
2606 1 2608 
706 1 3296 
1585 2 3020 14215 
469 1 3076 
1290 2 5733 6180 
3802 3 6197 6240 13495 
3803 2 9294 9295 
1473 2 3942 7646 
271 1 7681 
1635 1 4861 
1815 1 5857 
3432 1 5081 
1486 2 2195 13884 
2245 1 2243 
3156 1 8279 
2578 2 3735 10366 
1994 1 4478 
3764 1 4813 
8297 1 8296 
2524 1 13737 
4075 2 12552 14153 
489 1 5414 
672 1 4791 
281 1 8385 
2216 2 13112 13971 
5286 1 5289 
8289 1 8288 
8292 1 11866 
1489 1 4017 
110 2 6155 12550 
3953 1 11731 
12327 2 8957 13137 
2487 1 9619 
788 2 8823 10270 
921 1 7896 
995 1 5910 
2895 1 10452 
967 2 2201 2202 
1775 2 6350 6353 
2187 2 2781 14230 
4050 1 7270 
5905 1 5904 
3480 1 8691 
2880 1 9048 
2489 2 2493 7143 
3005 1 5882 
2401 1 3599 
886 1 4458 
915 1 10172 
1487 1 1646 
3223 1 10401 
3995 1 6447 
5108 1 11528 
6244 1 13809 
3119 1 10960 
4367 1 4674 
778 1 5053 
4555 1 4217 
9967 1 2344 
2891 2 6058 11481 
3463 1 3462 
1283 1 1704 
1682 1 6095 
2291 2 10684 13854 
4024 2 4020 4026 
3443 1 8483 
902 1 1584 
1225 1 12488 
1226 1 2981 
2170 1 2173 
5695 2 5693 7504 
13194 1 13197 
362 1 2984 
367 1 4890 
5535 2 6128 10403 
2649 1 7815 
1309 1 5897 
2188 1 8734 
1303 2 7018 7051 
1479 2 13827 13828 
4678 1 14014 
5554 2 4132 4812 
1805 1 1807 
7424 1 13829 
10720 2 5490 10722 
2922 2 13328 13329 
985 1 2099 
1542 1 1452 
1587 3 1588 1589 1591 
2139 1 2141 
7626 3 7628 7629 11529 
12450 1 6526 
2971 1 13933 
2613 2 12456 12457 
2153 2 3024 7635 
1215 1 1214 
4240 1 13981 
547 1 4685 
5214 1 5216 
11865 2 11864 12661 
6152 1 6151 
6427 1 804 
1004 2 1551 1630 
5379 1 7776 
5380 2 6778 10444 
6599 1 9104 
2759 1 9490 
3612 1 3611 
3641 1 1495 
1094 3 2884 2885 2887 
616 2 2601 2602 
1429 2 3550 10544 
3117 1 12236 
9976 1 10238 
452 1 13731 
2114 3 2115 2118 2120 
7382 3 7383 7384 7386 
4891 1 8107 
1274 1 5558 
1958 1 8948 
1959 1 8949 
1044 1 3838 
3012 1 8070 
11161 1 11160 
12049 1 12048 
12229 2 12228 12912 
492 1 495 
4114 1 4683 
1852 4 11238 11239 11241 11242 
114 2 3556 7484 
1623 3 8249 10545 10927 
5106 1 7447 
8630 1 13267 
6401 1 9267 
8800 1 8799 
3876 1 3878 
448 3 2498 2499 2501 
5055 1 12106 
1477 1 14070 
1480 1 6727 
2111 2 11052 11053 
10681 1 10676 
10092 1 10091 
5752 1 5750 
2083 1 4156 
4585 2 5950 10489 
7410 1 10056 
2393 1 2386 
2425 1 7917 
7455 2 4313 9194 
588 1 3487 
2491 2 8829 10971 
3189 1 1525 
3482 1 3483 
6166 1 13643 
2332 1 2330 
2333 2 13430 13431 
6750 4 6747 6752 6753 6755 
459 1 4960 
1377 1 6899 
626 3 6277 6278 6280 
1593 2 2082 2088 
2523 2 13520 13541 
3879 1 11341 
5002 2 5001 7006 
6059 2 6061 9627 
7282 1 7280 
3509 1 3510 
4822 1 14031 
856 1 4831 
1003 1 1626 
859 3 866 1696 1700 
12444 1 14158 
4067 1 12364 
1727 1 2670 
1823 1 908 
1827 1 3310 
6368 1 6369 
491 2 10631 13447 
1345 3 5959 10406 13537 
1603 3 4446 6954 6956 
2796 2 11021 11022 
2596 4 6295 12087 14051 14139 
2822 1 4454 
4482 1 7284 
5124 2 1995 12453 
5125 1 11484 
1753 2 2003 4968 
2076 1 14154 
5388 1 10733 
3567 1 14240 
4828 1 7258 
4830 1 7259 
6450 1 10080 
9774 3 8629 9773 9776 
1342 1 712 
1631 1 3479 
1418 2 3613 10256 
5731 3 2254 6446 13732 
1156 1 12714 
1253 1 4906 
845 2 851 1285 
1396 7 4293 4294 4296 4297 4300 4302 4303 
1875 1 4907 
1877 1 4179 
2959 1 9112 
8626 1 9580 
4941 2 11038 11040 
13871 3 6680 13863 13951 
3092 1 10730 
4251 1 5349 
1688 1 5696 
1991 1 1990 
276 1 282 
3900 2 3902 3903 
2504 1 11132 
468 2 12158 12214 
1884 2 3036 11566 
994 1 5754 
5352 1 7696 
5354 1 8191 
2786 1 2785 
5512 1 5755 
3597 1 3596 
4140 2 4139 4587 
7676 1 7820 
4514 1 7828 
4278 2 4277 12560 
2019 1 2022 
2803 1 6358 
969 1 3732 
2564 3 4862 11086 11087 
1052 1 3525 
7508 1 1899 
7438 1 9552 
5847 1 5843 
11218 1 13071 
7371 3 2281 10701 10702 
1636 1 14130 
1638 1 4389 
3147 1 7644 
3148 3 2832 3261 3262 
3150 1 11240 
10466 1 11785 
10467 1 11081 
11080 1 13929 
8541 1 8542 
1199 3 4808 6158 10683 
1730 2 1733 1739 
3382 1 3380 
6574 1 6576 
7931 1 3958 
4279 2 4280 4281 
277 2 283 3895 
951 1 3151 
3324 1 8686 
6772 2 6347 6946 
2181 1 9283 
412 1 12981 
532 4 3896 14125 14126 14128 
534 1 2888 
540 1 5237 
2872 2 10501 14131 
622 2 630 3845 
848 1 4953 
1321 2 843 1581 
1399 1 4317 
900 1 2262 
1124 1 3723 
3562 1 12580 
1135 2 1136 1138 
2866 3 2772 2867 2869 
3600 1 3601 
2030 1 2036 
7229 1 10271 
1485 1 13882 
2056 1 12863 
2058 2 4506 5968 
9965 2 11493 11783 
6297 1 7009 
3887 1 3889 
2450 2 2456 2458 
5825 1 5821 
1258 3 10647 13392 14195 
5780 1 11834 
109 2 8548 8550 
1475 2 6163 10945 
4459 1 12451 
12662 1 12752 
4680 1 5285 
5150 1 5823 
10878 1 13757 
5072 1 13969 
5467 1 5466 
4254 2 2921 11900 
2219 2 3448 4912 
3847 2 5700 5701 
13961 1 3103 
912 1 13562 
4860 1 9107 
1844 2 9888 10264 
2469 1 11319 
6432 2 10862 10863 
9600 1 13364 
6293 1 10114 
2619 1 2621 
4651 1 4653 
11437 1 11439 
7377 2 7378 7841 
2800 1 13710 
11761 1 11769 
1987 1 3546 
5542 1 5543 
7342 1 8003 
4455 2 8624 9556 
1545 2 2345 4421 
1546 1 2473 
5309 2 5649 11342 
8851 1 8852 
13011 1 13018 
1540 1 2889 
5540 1 14011 
259 1 6270 
1728 1 13466 
7752 1 7753 
3934 1 8144 
9794 2 12023 13641 
2514 2 3789 3791 
2517 1 13744 
7592 1 12192 
2246 2 2248 2251 
4362 1 4825 
48 2 10384 13455 
482 2 3458 13015 
12769 2 12842 13064 
2516 1 5422 
1234 2 14056 14206 
5243 1 5245 
8815 1 7055 
1624 1 12653 
770 1 774 
2914 2 2913 13552 
990 1 993 
3320 1 13189 
10493 1 10494 
3729 1 3728 
2883 1 3736 
9020 3 9022 9025 14116 
12835 1 12869 
1483 1 2176 
9419 1 9420 
6318 1 9099 
10247 1 11121 
3977 1 11869 
3690 2 5325 7502 
4836 1 13219 
3869 1 9035 
4364 3 5899 12587 12853 
2632 2 3345 3841 
3615 1 5530 
955 2 13031 13983 
3182 2 5033 5035 
6421 1 6423 
5635 1 9581 
1560 1 2907 
6184 2 7389 7391 
4849 2 4272 12261 
1697 1 5812 
2400 1 9157 
3700 1 3702 
6230 1 6234 
6231 1 13660 
6348 1 14107 
6255 1 7130 
996 1 5911 
10146 1 10145 
5557 1 5556 
7253 1 7255 
2205 4 2204 11048 11049 11051 
9355 1 9356 
4894 5 4896 4899 4900 4902 5902 
3341 3 3340 11209 12481 
7933 1 4970 
7804 2 11202 11857 
9149 1 9487 
1493 1 14086 
2206 1 13903 
2191 1 2194 
7228 1 7227 
2607 2 2609 12652 
3715 1 5597 
3306 1 4816 
2898 2 3094 12674 
2423 4 2428 2429 2431 2434 
3104 1 7688 
4414 1 4413 
2664 2 7471 7472 
1447 2 1845 1847 
9218 1 8836 
9444 1 9443 
11172 1 13777 
2261 1 4158 
238 1 245 
2923 1 9407 
427 1 4419 
1269 3 4859 10704 10706 
7682 1 7293 
7119 1 11494 
8501 2 8503 8505 
9890 2 10398 11853 
1315 2 4115 4327 
295 1 7478 
7990 2 9779 9781 
1941 2 1943 3018 
2892 1 7290 
4125 2 4124 4126 
4966 2 6078 6080 
5501 3 6850 7474 9486 
135 1 10883 
7453 2 11176 13531 
1580 3 5329 11639 11861 
1993 3 1992 3420 5867 
2196 1 13887 
9324 1 7084 
5834 1 7617 
2065 1 3923 
3061 1 13851 
1862 1 1755 
1866 1 6223 
2244 1 8671 
3053 2 8812 13315 
3327 3 6130 6131 6133 
1336 1 2833 
2348 1 4509 
8580 1 8583 
640 1 13837 
3110 2 6723 12326 
3273 1 4065 
3289 1 3537 
7372 1 7373 
4927 1 4926 
420 1 3891 
1302 1 1313 
2647 1 9579 
4154 1 4153 
4229 1 11482 
2534 2 4532 12466 
5107 1 13460 
2060 1 13136 
13369 1 7314 
1268 1 1273 
2086 1 2090 
3183 2 2009 3970 
3963 2 1499 3966 
6911 2 12027 13540 
4642 1 4649 
4643 1 8669 
4645 2 12315 12316 
3776 2 7619 7620 
9360 1 9361 
2768 1 2770 
4157 1 4471 
7506 1 11036 
6314 1 6313 
2561 2 2563 2568 
5751 1 5287 
5860 1 14048 
7102 1 7101 
1579 1 6085 
702 1 5347 
704 1 12419 
5762 1 7513 
7512 1 3544 
2495 1 2723 
3096 1 3098 
3569 2 3571 6736 
1895 1 11224 
2780 2 2779 7246 
1945 2 1944 7232 
11117 1 11116 
1758 1 10708 
11291 1 11292 
12141 1 12140 
4947 1 4948 
288 1 2070 
3085 5 4322 5178 5179 5181 5182 
7154 1 4857 
2744 2 2748 2750 
2134 1 11076 
6370 1 9756 
5851 1 6820 
6804 1 6806 
10527 3 9792 10526 13760 
4284 1 1032 
5045 2 5044 13556 
1892 1 6440 
4310 3 4309 8443 12950 
5684 1 5830 
3513 1 3512 
7209 1 7208 
5777 1 7786 
8370 3 8369 8371 8855 
1922 1 1921 
11537 1 4104 
13754 1 8722 
12672 3 13725 13934 14192 
9505 2 13053 13062 
2044 2 11158 13496 
2490 1 7144 
12753 2 12751 12755 
6065 1 8642 
4283 1 11370 
7759 1 7531 
4627 1 4629 
7969 1 11422 
3580 1 2189 
6681 2 7406 11114 
4442 1 4443 
46 1 13210 
5572 1 12643 
658 2 1025 1026 
4805 1 7683 
8281 1 13254 
889 1 4878 
4476 1 7640 
4655 1 12225 
10712 1 14016 
3762 2 3763 3766 
2177 3 3974 7648 12657 
8772 3 8771 11907 11908 
3272 2 13683 13712 
5628 1 14023 
1781 2 6119 13297 
695 1 5736 
5300 1 5299 
1123 1 1663 
1724 1 12149 
665 6 521 666 670 673 676 678 
3688 1 7501 
4792 1 4790 
8707 1 3446 
6613 1 6612 
12551 1 12803 
661 1 2990 
1888 2 9761 14047 
3594 1 3595 
1583 1 1275 
4684 3 5728 7275 7276 
2847 1 2987 
2424 1 1348 
635 2 9047 13231 
5500 1 11435 
984 1 2098 
7037 1 7038 
3035 1 3830 
5815 2 11901 11902 
5881 3 5049 13304 13713 
4601 2 4603 11395 
1558 1 703 
3840 1 9143 
3222 1 3226 
1719 1 14272 
8433 1 13812 
7692 2 8552 12678 
4417 1 4416 
10731 1 10732 
3161 1 5789 
3175 1 3176 
11194 1 623 
2600 1 4121 
3212 2 13501 13502 
924 1 3467 
5019 2 11562 12736 
2192 2 1685 4250 
3796 1 6638 
7485 2 7487 8679 
7476 1 8055 
2576 1 9271 
3246 2 3245 12901 
287 1 2069 
289 1 2138 
2104 1 13262 
5171 2 5175 5176 
1612 3 4192 7238 11108 
11631 2 11107 11632 
3937 1 3507 
1139 2 846 1144 
5274 2 5273 7303 
3234 2 3235 5757 
6923 1 12645 
7019 1 5337 
7052 2 13489 13490 
8912 1 9956 
2507 3 6523 10997 10999 
5841 2 5148 13776 
5682 1 9284 
10352 1 10351 
4094 1 7426 
2045 1 12949 
5779 1 7787 
2140 2 5861 10966 
1407 3 10036 13571 13730 
11031 2 10924 10929 
12982 2 13904 13906 
3996 2 5721 5723 
7338 1 7340 
2756 1 2776 
10445 1 9928 
8904 2 7537 8905 
2965 1 13310 
2864 1 128 
1093 2 1092 2862 
453 1 12942 
1964 1 4405 
1965 1 10958 
2996 2 2998 6679 
5394 1 9230 
5105 1 14069 
3719 2 3720 12984 
4479 1 9234 
5906 1 5908 
2414 1 7652 
934 2 4451 4452 
12230 2 9780 13148 
3397 1 6542 
4673 1 4676 
4675 2 11088 11089 
5514 3 6470 6472 6473 
8224 1 8225 
1067 1 2644 
2737 2 9829 9830 
2533 1 4457 
5129 2 7200 7201 
5131 3 5449 6045 7182 
12905 1 12907 
12774 1 12775 
1272 1 9181 
8886 1 3746 
1870 1 1878 
4597 1 5712 
4599 2 6237 11159 
2103 6 2101 4295 10972 10973 10975 10976 
9855 2 9853 9857 
1773 3 11375 11377 11378 
6246 1 9382 
1982 2 3727 11008 
1405 2 14073 14074 
4815 1 3305 
11814 1 11815 
13560 1 14161 
12777 6 13257 13423 13873 13874 13876 13877 
11064 1 11062 
1721 1 12546 
4841 2 4840 7025 
10210 1 10209 
3190 1 3191 
6534 2 8811 8813 
7568 1 13589 
5119 1 5401 
4630 1 14259 
1502 1 5956 
1504 2 7080 7654 
1009 1 12807 
2089 1 9558 
6823 1 14252 
3961 3 10176 11059 11060 
4062 2 7082 7083 
6469 1 6951 
6120 1 6121 
4519 1 10737 
4961 2 6875 9242 
2417 6 933 2415 6333 6334 6336 6337 
12185 1 12184 
3516 4 3518 3519 3522 7404 
2356 1 5778 
9421 1 12921 
12445 1 12447 
12418 1 12417 
1202 1 5573 
5384 2 5386 5389 
8387 1 8386 
6076 2 998 9755 
3748 1 3749 
1333 1 6442 
9301 1 9302 
2485 3 6441 6994 6996 
6226 1 6222 
4909 1 11125 
844 2 847 850 
9111 2 8918 11485 
2026 1 6217 
7955 2 11094 11096 
7957 1 7956 
2661 1 5341 
3839 1 3837 
280 2 10773 12479 
419 1 425 
10463 1 10464 
9885 1 11644 
6853 1 10869 
10748 1 10747 
5371 3 5783 13072 13073 
7668 1 6905 
1224 2 6457 10710 
3032 2 10993 11356 
2482 2 14257 14258 
2025 1 6553 
5039 1 5037 
6605 1 6604 
11090 1 13196 
7156 1 12325 
2362 1 3951 
2521 1 13256 
7930 1 7932 
1754 1 4969 
8875 1 8924 
1217 1 4424 
4567 1 13756 
898 1 897 
3414 1 3413 
6918 2 6831 7823 
2033 1 3547 
3868 1 13834 
6176 1 11183 
3216 1 10830 
9413 1 8513 
2455 1 4409 
5827 1 13456 
11570 1 7862 
8444 1 8442 
1145 1 1146 
6522 1 9091 
12971 1 12972 
3386 1 7684 
4761 1 4760 
5054 1 4137 
5242 2 5241 5244 
6762 1 4949 
518 1 10877 
2551 1 12171 
3204 1 3205 
4811 1 3643 
4083 1 8826 
5856 1 11922 
2761 2 2760 4056 
3812 1 13221 
10572 2 8549 10571 
11001 1 12700 
7379 1 11135 
2617 1 11333 
3930 1 10861 
4170 2 9494 12009 
1356 1 1985 
5546 1 5544 
7428 1 7429 
5545 1 10194 
7748 2 7749 7751 
6428 1 2859 
7477 1 11010 
3238 1 3242 
9547 1 13797 
4691 3 7656 13631 13632 
2249 2 8601 8859 
2771 1 3419 
765 1 2439 
3164 1 13006 
8943 1 8942 
1573 1 12022 
9565 1 9564 
1436 1 4733 
2080 1 2081 
3424 1 10947 
5235 1 5930 
6379 2 6378 11359 
997 1 13510 
3586 1 7942 
10137 1 9268 
2554 2 2557 2559 
1710 2 6467 7468 
3206 1 11219 
4230 1 11702 
5691 1 6844 
1508 1 5788 
5838 1 8061 
5066 1 13337 
7030 2 11627 11628 
3883 1 5771 
8567 1 8568 
8599 1 8602 
4745 1 4747 
8140 2 7936 13640 
5158 1 6877 
6249 1 9383 
6422 2 9172 13605 
12493 1 14223 
8663 1 9854 
6685 1 6683 
2905 2 2904 12683 
11026 1 14090 
4225 1 10041 
3553 1 14220 
9914 2 9913 10336 
8256 1 8255 
13597 1 13646 
4963 2 857 7405 
6525 2 4007 8207 
8054 2 7469 8053 
13993 1 7669 
1119 2 9576 10983 
662 2 10528 13305 
663 1 11002 
4403 1 6105 
6425 1 3116 
987 1 7627 
1787 4 5399 5850 9536 12190 
2341 6 3067 4003 9010 9987 13857 13858 
5167 3 5527 7140 7142 
4465 1 7964 
4467 1 11512 
4468 1 7361 
3691 1 8241 
13251 2 8865 13247 
7086 1 7087 
4359 1 4361 
11850 1 11851 
925 1 5159 
2426 1 8126 
4415 2 7809 12813 
11208 2 11228 12826 
1763 1 6162 
9215 1 9216 
4804 1 4803 
4472 1 4690 
8535 1 8536 
1416 1 1977 
4660 1 10918 
9509 1 11260 
7118 1 5403 
8502 1 8506 
3054 1 6235 
530 1 1765 
1766 1 4915 
2110 1 2113 
8721 1 8720 
10192 1 10191 
1150 2 1149 1151 
3219 1 14242 
6284 1 7651 
3249 3 2801 3248 11212 
2957 1 8440 
2958 2 6464 9493 
2242 1 9583 
1575 1 1889 
7011 1 11532 
5104 2 5101 7622 
3275 4 10814 13492 13511 14042 
4064 3 12346 12347 12349 
5523 4 5525 5526 5528 13763 
14025 1 14024 
9425 2 9424 14238 
12467 2 12872 13529 
5969 3 6367 6858 6860 
9306 1 10141 
3203 1 10669 
9617 1 9618 
3968 1 7434 
3973 1 13721 
4644 1 8670 
3022 2 3021 3023 
5076 1 6436 
5413 1 5412 
4728 1 7345 
1327 1 3437 
2566 1 5677 
3787 1 6024 
9000 1 9001 
13591 3 10573 13661 13793 
11288 1 11289 
7808 2 12923 13258 
2745 1 2751 
3316 1 3428 
2100 2 2102 2105 
13485 1 14189 
11130 1 11123 
2994 2 4178 6505 
13278 1 13279 
9448 1 13964 
4845 3 5613 7665 7666 
10139 1 10143 
10968 2 12473 12474 
7993 3 14026 14028 14029 
11084 1 14010 
4499 3 7826 13126 14190 
11073 2 13545 13928 
3710 2 10912 12727 
5272 1 5270 
6228 1 13651 
6503 1 11184 
3393 1 3394 
7971 2 5258 10956 
11115 1 5402 
12854 1 12855 
2925 1 9533 
11329 2 11330 11332 
6406 1 8136 
1651 1 6586 
7844 1 7843 
3875 2 10677 10678 
5185 3 3087 13733 13881 
136 1 9278 
1705 3 1707 1708 1711 
11251 1 11254 
12113 1 12114 
10414 1 10411 
7498 1 11014 
7499 1 11015 
4353 2 4355 9521 
1776 1 6354 
6168 1 1537 
7347 1 3311 
4049 1 12632 
11434 1 12032 
2804 1 6359 
9529 1 9530 
9541 1 9540 
9204 1 6834 
4184 1 8802 
5818 1 5817 
5479 1 12478 
8514 2 9375 13284 
2753 3 5323 6332 6512 
3227 2 8907 8908 
6385 2 12933 12934 
6239 1 6238 
5965 1 7113 
5061 1 13312 
3209 2 3210 3213 
7855 2 8658 12333 
6529 1 9205 
2128 2 2130 2132 
5896 1 14208 
3911 1 3910 
3912 1 9938 
3232 2 2131 3231 
6921 1 8950 
4856 1 4855 
3737 3 3738 3739 3741 
11603 1 11604 
6901 2 6900 13565 
2048 1 3481 
3629 1 3631 
1404 1 1408 
11890 2 11891 11893 
7914 1 7913 
5227 1 5226 
11489 1 11491 
7857 1 7858 
7885 1 7886 
8219 1 8220 
2972 1 6568 
2863 1 14244 
6079 1 7164 
11592 1 11593 
9029 1 12221 
6393 1 1205 
2121 1 7274 
6847 2 11092 11093 
4448 1 4447 
6670 1 6672 
8450 1 8449 
5503 1 11558 
6292 1 6291 
6265 3 6558 6560 6561 
10920 1 8889 
4765 2 8858 10917 
1971 1 1969 
7827 1 7999 
6123 1 10405 
4945 1 11348 
4200 1 11746 
4352 1 10583 
5967 1 7067 
14108 2 10782 14087 
7578 1 13057 
5510 1 13548 
3146 2 7641 7643 
4817 1 4820 
2071 1 2074 
7570 1 11613 
9081 3 8751 9080 9082 
6475 1 8784 
6628 1 6629 
7014 1 7015 
5311 1 888 
6541 2 6540 10423 
4634 2 6824 6826 
942 1 2842 
6952 1 12506 
13377 1 13367 
4521 1 7432 
4959 1 6135 
6482 5 7708 7709 7712 7714 7715 
8101 1 8102 
10010 1 10009 
5157 1 6876 
11020 1 12892 
2387 2 14020 14021 
4500 1 4501 
2536 1 12586 
940 1 6504 
9318 1 11322 
6962 1 6075 
8453 1 12062 
8062 1 8060 
6563 1 13692 
9161 1 9162 
3528 1 7124 
1010 3 5674 6380 6383 
5082 1 5080 
6199 1 6200 
6856 1 10052 
6063 1 8641 
4667 1 13042 
7440 1 12894 
11795 1 11794 
4400 2 2148 12359 
10738 1 10739 
2518 1 2519 
11679 1 11681 
1737 1 10666 
7909 1 7911 
2355 1 4755 
9327 1 10895 
3908 1 8242 
4173 2 4172 5151 
6349 1 7675 
9106 1 6676 
3269 3 5727 8951 8953 
7197 1 11638 
7198 1 11567 
3500 1 3501 
7305 1 11226 
5034 1 10664 
4993 1 4992 
3215 2 3217 3220 
3027 1 13268 
8183 1 8182 
1257 1 1261 
2042 1 4248 
2478 4 4074 7376 9679 14147 
4082 1 11533 
3726 1 14163 
7335 1 9520 
4057 2 5790 12564 
5925 3 5924 10289 13265 
1594 1 2092 
6958 1 6489 
11269 1 4450 
7436 1 14196 
11454 1 11455 
13269 1 13261 
13927 1 13995 
7973 1 7972 
3236 2 3239 3241 
4751 1 11258 
4752 1 11295 
3716 3 3468 4390 6086 
4147 1 9014 
14203 1 14204 
3331 2 10667 13467 
6841 2 3180 7926 
8678 2 8677 12986 
9021 3 9026 13022 13023 
3379 3 2939 3381 7008 
8230 1 8227 
8231 2 13752 13764 
8233 1 8240 
7151 1 10535 
11625 1 11624 
7745 1 3034 
10240 2 8617 10241 
12318 2 13604 13609 
6704 1 9171 
12685 1 13175 
6729 1 6726 
2966 1 13525 
7397 2 4774 9298 
3539 1 3950 
7099 1 5407 
7399 1 7400 
7125 1 4097 
2075 2 2077 2078 
7803 1 8372 
7463 1 11643 
8365 2 8366 8368 
5593 1 5591 
6650 1 6651 
1767 1 13493 
1419 2 6765 6766 
10565 1 10564 
4002 2 7212 7214 
4694 1 9211 
4589 1 4588 
2397 1 2399 
10540 1 10539 
1759 1 9224 
2108 3 1909 2109 2112 
3705 1 10961 
11462 1 11463 
6452 1 13982 
4133 1 11104 
6587 1 6588 
9030 1 11966 
7509 1 7510 
7854 1 7853 
7263 1 5798 
8576 1 8577 
6196 2 6195 6198 
4819 3 8276 12585 14067 
3503 2 13220 13872 
5898 1 8121 
4341 1 4340 
12650 1 13266 
5810 1 8560 
9305 1 9308 
9307 2 10140 10142 
6538 1 6537 
2093 1 2095 
3972 1 2730 
5278 1 6554 
6821 1 4647 
7056 1 7057 
7343 1 7587 
10335 1 11500 
4579 1 4584 
6023 1 6022 
7185 1 7186 
4918 1 12891 
2257 1 2259 
12710 1 11265 
6532 1 12065 
12066 1 6533 
6980 1 6984 
3527 1 7123 
2486 2 5020 6997 
3555 1 3554 
4563 1 8524 
12226 1 12224 
4135 1 13655 
4008 2 9603 12746 
4129 2 5791 7625 
7160 2 11393 11394 
6977 1 6976 
4496 2 6641 7493 
8218 1 11472 
12742 1 12744 
7722 1 7721 
2577 3 4910 9289 9290 
9765 1 11122 
6666 2 6667 6669 
2968 1 2052 
8968 1 8967 
4475 1 5022 
5254 1 5256 
9621 2 9620 13672 
9622 1 4837 
7279 1 9220 
10744 1 10741 
4198 1 4196 
13583 3 7316 13686 13708 
6409 1 6411 
7572 1 12360 
13915 1 13899 
2844 1 4453 
2845 1 10107 
9845 1 9844 
9206 1 13738 
9209 1 9210 
4522 1 10742 
2941 3 2943 2944 6920 
10745 1 12498 
8883 1 8367 
939 5 7672 8729 9389 9612 9613 
6686 1 7269 
13066 1 13065 
7003 1 7004 
6959 1 13215 
10015 2 8124 13787 
13235 1 13938 
2160 3 2165 2166 2168 
11419 1 11416 
12465 1 12689 
12789 2 12960 13069 
8199 1 11845 
6355 2 9312 9894 
6209 3 6208 6212 6214 
12726 1 12725 
1567 2 5026 12749 
6716 1 6410 
7935 1 7938 
4713 1 4716 
7610 1 11523 
7328 1 10936 
7482 1 2087 
10258 1 10259 
7199 1 8142 
4080 1 5879 
12562 1 12563 
7072 1 7073 
8309 1 8195 
2731 1 2733 
2979 1 988 
7779 1 7780 
11043 1 11498 
12952 1 12951 
10482 2 9942 13232 
9060 1 13050 
1966 1 13543 
6922 2 7700 7702 
3948 2 9981 10372 
11871 1 3211 
4920 1 4922 
7975 1 7974 
4578 2 4580 4583 
2995 1 2997 
6281 1 6283 
8093 1 8094 
4692 1 4693 
7795 1 11956 
10962 2 6386 12424 
7076 2 7078 11564 
12161 1 12160 
2916 2 2915 9380 
6660 1 6661 
9434 3 9433 9892 11983 
12310 1 12309 
7178 1 7180 
11581 1 12808 
9491 1 11210 
6404 1 14248 
7607 1 7829 
7507 1 12673 
4581 1 4582 
5610 1 5609 
8104 1 8659 
4570 2 4574 4576 
13802 1 13815 
3619 1 3618 
5494 1 8228 
2484 1 6974 
8081 3 8082 8083 8085 
8452 1 10427 
5963 1 7112 
11953 1 5202 
1075 1 2668 
5768 1 7747 
2673 1 9391 
7159 1 7161 
4343 1 4342 
5016 3 6546 6548 6549 
3990 1 11382 
4886 1 8283 
3361 2 8666 11849 
8970 1 6902 
9992 1 11855 
6395 1 10620 
6519 1 6521 
6015 3 11520 14076 14214 
8963 1 14246 
10293 1 10292 
9280 1 11662 
7033 1 7035 
9847 1 9846 
6584 1 11740 
3819 2 11056 11058 
3530 1 11650 
6029 1 6028 
2163 1 7425 
4696 1 4698 
927 1 931 
6970 1 8119 
7937 2 7939 11937 
7327 1 7331 
8680 1 8681 
6485 1 6486 
11323 1 13817 
7419 1 11517 
5698 2 5699 7655 
6846 1 14081 
9285 1 11648 
5229 2 5228 8058 
7950 1 7951 
2124 1 2127 
5781 1 5611 
7687 2 9574 13271 
7527 2 7529 9966 
7606 1 11750 
8616 1 14216 
11097 3 11099 11101 11102 
3385 2 3384 3388 
10766 1 13195 
7966 1 7965 
6845 3 2902 7230 7927 
2292 1 5468 
13664 2 13663 13666 
5766 1 8999 
13755 1 11443 
8683 1 8687 
1347 2 1350 6682 
9694 1 1351 
8962 2 8301 8961 
9864 1 9863 
4107 1 13471 
6583 1 6582 
10087 1 10086 
8644 1 8643 
929 1 9166 
7694 1 12679 
4715 1 8903 
4523 1 4562 
10471 1 10472 
4108 1 9567 
7948 1 10023 
8724 1 8725 
5985 1 5979 
5992 1 5165 
8527 1 11497 
8702 2 3042 10502 
5294 1 11913 
3368 4 3367 11337 11339 11340 
11137 1 6630 
8684 1 8688 
8857 1 13557 
3028 1 8322 
4524 1 5883 
8975 1 12717 
4103 4 4106 4109 4111 7177 
6515 1 7765 
4397 3 4396 4545 6300 
3040 1 13867 
9132 3 10060 10118 14119 
11069 1 11072 
3993 2 4703 7283 
11070 1 12987 
13433 2 10579 13478 
4702 2 5647 9276 
9274 1 4851 
115 1 116 
10934 1 11030 
451 1 5393 
494 1 13110 
643 1 10443 
727 1 13499 
6555 2 767 6926 
769 1 6164 
787 1 971 
837 1 11399 
918 2 6740 6742 
920 1 6869 
7980 2 919 7981 
6840 1 946 
6874 1 7266 
947 1 9243 
8657 1 12222 
8040 3 8039 9152 9153 
10168 2 10167 10170 
13296 1 13295 
6038 1 14245 
9055 1 12302 
1027 1 3848 
1042 1 11433 
1100 1 1101 
1147 1 11877 
7294 1 7549 
9561 3 9560 11199 11200 
5678 2 1187 3342 
1190 1 13182 
12525 1 12526 
1235 1 13576 
1237 3 1236 2217 6718 
1389 1 11601 
12671 2 1391 12669 
8141 1 1406 
7897 1 7899 
1411 1 1600 
1420 1 1421 
1516 3 1515 1517 11140 
1543 2 13016 13017 
1568 2 1570 1572 
1571 1 10574 
1576 1 3328 
1602 1 10837 
1610 2 1611 1613 
6077 2 1628 13555 
12096 2 12095 13644 
10182 1 10181 
7369 2 1637 12945 
1657 1 4809 
8304 2 8303 8306 
1698 1 11120 
1726 3 6138 6139 6141 
1734 1 4376 
1858 2 6248 8234 
1883 1 11565 
1900 2 14100 14101 
1942 1 2721 
1960 1 11478 
1979 2 1984 7334 
1986 1 5747 
5318 2 1998 5319 
2016 1 7241 
2024 1 8293 
2027 1 6220 
2096 1 7470 
2122 1 2123 
2147 3 2149 2150 6830 
2174 1 2175 
8660 1 13811 
9282 1 10977 
11647 1 11921 
2220 1 5281 
2221 1 8960 
10112 1 12455 
2231 1 2230 
2233 2 2234 2380 
2235 3 2237 2240 2381 
2238 1 2241 
9279 1 11867 
2250 2 9085 9087 
2253 3 2252 9331 9332 
2318 1 13889 
2321 1 13914 
2336 2 2337 2339 
2357 2 2358 2360 
2359 1 11189 
2369 1 2370 
2371 1 12885 
2372 3 2373 2375 2376 
2378 1 2379 
2430 1 13424 
7206 2 2451 10842 
2477 2 5949 9678 
2502 3 7649 7650 14013 
2511 1 7988 
2520 1 2522 
2529 2 5074 7661 
2546 1 2545 
2547 2 6684 12039 
5664 1 13572 
2571 1 7444 
2583 1 6224 
2603 1 5417 
2610 1 3898 
10362 3 2620 10363 10364 
2626 1 2625 
5634 1 8910 
2634 1 5785 
2635 1 2636 
2638 1 2639 
2646 1 4935 
2659 1 2660 
2666 1 10486 
9594 1 9597 
2728 1 2729 
2741 1 2742 
2755 1 5116 
2764 1 2765 
2766 1 10252 
4408 1 2775 
8590 1 2777 
7520 2 2806 7519 
2810 2 11468 11469 
2825 1 2826 
12208 3 2843 12207 12210 
2868 1 2870 
4112 2 2912 13715 
2931 3 2930 2932 7583 
2945 1 2947 
2961 1 2962 
12723 1 2970 
12721 1 10795 
10021 2 10020 10022 
12719 2 12722 12875 
2973 1 13722 
2980 1 13526 
3026 1 11138 
3505 1 8341 
8902 2 8832 13773 
10589 1 10825 
6053 2 7068 13470 
7892 2 3033 7891 
3038 2 12198 12199 
3048 2 3047 11047 
3057 1 3058 
3059 3 13075 13076 13078 
13079 2 3060 14000 
3065 1 13169 
3080 1 3081 
3084 1 7339 
3088 1 9609 
8376 1 12503 
8377 1 9608 
5566 1 13029 
8087 2 8088 8089 
10386 1 10385 
3093 1 9142 
3100 1 3101 
3106 1 7689 
3139 1 9109 
3162 1 11110 
3165 2 11807 13114 
12127 1 12126 
3197 3 3196 4640 10283 
3207 2 10347 14138 
3225 1 11033 
3229 1 3230 
3313 2 10344 14162 
11597 1 3330 
12307 1 12304 
3332 1 6118 
3334 1 3335 
3336 1 3337 
3343 1 9626 
3364 2 3363 11298 
3366 3 3365 14001 14217 
7633 1 11006 
3372 1 3373 
3374 1 3375 
3378 3 3377 3745 7007 
3400 1 3401 
3402 1 3404 
10556 1 10553 
9384 1 9386 
11927 1 11928 
3403 1 5260 
3408 2 3407 8243 
5562 1 5561 
5786 2 7132 7134 
3415 1 6448 
3416 1 5770 
3418 1 3421 
3422 1 4165 
3435 1 3436 
9589 1 9588 
7734 1 7738 
7736 1 13276 
3452 2 3453 3455 
3460 1 8147 
4964 2 3465 14202 
5683 2 3469 13727 
13779 1 13780 
8310 2 3470 11929 
3475 1 3476 
8690 2 3478 8689 
3531 1 3532 
3534 2 3533 3536 
6989 4 3535 6988 6991 6992 
3545 1 10477 
3557 1 3558 
3570 1 3572 
3581 2 3579 3583 
3589 1 3588 
3591 1 5854 
4143 1 4144 
3592 1 5855 
3598 2 7839 13839 
3604 2 3602 3606 
3608 1 11113 
3609 1 9432 
3634 1 3635 
3638 2 3637 10186 
6903 1 6904 
7724 2 7726 14050 
10880 1 10933 
12016 2 3644 12416 
3645 1 12017 
3668 2 8127 9068 
3713 1 13546 
3725 1 6924 
3751 1 3752 
3753 1 3754 
3755 1 13083 
13101 1 13184 
3757 1 3756 
3834 1 10600 
3783 2 3782 3785 
3795 1 6637 
3843 2 4150 5631 
3854 3 3853 10570 11222 
3859 1 12686 
3884 1 3886 
7313 1 11839 
3915 1 11980 
3921 1 6623 
6438 2 3924 6439 
3927 1 3928 
4493 1 4494 
11730 1 12629 
3954 1 7890 
3955 1 11074 
3987 1 11381 
3998 1 9501 
4000 1 4001 
4005 1 4004 
8990 1 8992 
4009 2 4012 4013 
6693 1 6695 
4014 1 7043 
4033 1 4282 
4040 1 14057 
4041 1 6042 
4042 1 12533 
4045 1 8869 
4060 2 4059 4061 
4068 1 4069 
4076 1 14207 
4078 3 4077 4079 5878 
4084 1 4088 
7601 1 9769 
9013 1 9814 
7603 1 7604 
4087 2 12202 12204 
4096 3 4098 4099 7427 
4102 1 7176 
7079 1 4134 
7077 1 13519 
4159 1 7943 
4160 1 10113 
4161 1 9995 
4162 1 8743 
4164 1 9946 
4167 1 4168 
4176 1 4180 
4183 2 4182 11402 
4187 1 4382 
4191 3 4537 4541 10144 
4193 1 5443 
4201 1 4202 
4204 1 4205 
4661 2 4206 4662 
4208 1 4209 
4211 1 4212 
4214 1 4215 
4221 1 4222 
4223 1 10040 
4255 1 4256 
4258 1 4259 
4260 2 4735 7042 
4261 1 4262 
4263 1 10978 
4265 1 4266 
4268 1 5934 
4270 1 4271 
4850 2 4273 11109 
4274 1 8393 
4275 1 4276 
4316 2 4315 7871 
4336 2 4335 4337 
4346 2 4345 4348 
4347 1 4349 
4354 4 8152 11281 11283 11284 
4357 2 4356 5859 
4366 2 8115 8117 
8114 1 8116 
4375 3 4374 12756 13211 
7333 1 7332 
4378 1 4383 
4385 1 4386 
4388 1 6320 
4406 1 4407 
4410 1 8591 
4427 2 12740 13150 
4433 1 4434 
4483 5 4485 7611 7612 7614 7615 
4489 2 4490 4492 
4498 2 7174 7825 
4504 2 12390 12547 
4505 1 12548 
4527 1 4528 
4530 1 11230 
4534 2 4533 4536 
4538 1 5594 
9408 2 4539 9406 
4543 1 4544 
4546 1 4547 
4549 1 4550 
4552 1 4553 
4608 1 4606 
6985 1 6986 
4610 1 4611 
4612 2 10317 10318 
4613 1 4614 
4615 1 12541 
4617 1 4618 
4620 1 5839 
4621 1 4622 
4624 1 4625 
4632 1 4633 
4637 1 4638 
4639 2 13750 13751 
4656 1 4657 
4664 1 4665 
4666 1 5579 
4699 2 4943 9975 
4705 1 4706 
4708 1 4707 
4709 1 4710 
4711 1 9202 
4718 2 4717 4719 
4720 1 4721 
4723 2 4722 4725 
4727 2 6690 10688 
4729 1 13476 
4731 1 4732 
4736 1 8896 
4738 1 4739 
4742 1 4741 
7849 2 10156 11718 
4749 1 6153 
4757 1 4758 
4759 1 5630 
4763 1 4764 
4766 2 9688 13593 
4767 1 4768 
4769 1 9538 
4770 2 4771 4773 
4775 1 10313 
4777 2 4776 11670 
4780 2 4779 5094 
4781 1 5095 
4782 1 4783 
4784 1 4785 
4788 1 4787 
7374 1 11271 
10919 1 9903 
4794 1 4795 
4799 2 4796 4801 
8978 2 4800 12513 
4818 1 8275 
4821 1 5358 
4842 1 7026 
4843 3 12405 12534 13870 
4844 1 14237 
4846 1 4847 
4854 1 4853 
5759 3 5758 5760 5864 
4865 1 5964 
4867 1 8145 
4883 1 4884 
4895 1 12073 
4898 1 10507 
4921 1 5340 
4923 1 4924 
4925 1 5811 
4930 1 10728 
10689 1 10690 
4931 1 4932 
4934 1 4936 
4938 1 4939 
6763 2 4950 6761 
4951 1 13451 
6513 3 4954 12380 13199 
4955 1 7777 
4956 1 9313 
4957 1 6134 
4973 1 4972 
7363 2 7362 7381 
4974 1 4975 
4976 1 4977 
4979 1 4980 
4982 2 4981 4983 
4985 1 4986 
7757 4 4987 6741 12007 13371 
4989 1 4990 
4995 2 4994 7045 
4996 1 7046 
5092 1 5093 
5096 1 5136 
5098 1 5099 
7169 3 5130 7170 9828 
5133 1 5134 
5137 1 5138 
5140 1 5141 
5143 1 5144 
5149 1 10594 
5166 1 9453 
5180 1 12618 
5186 1 5187 
5190 1 10886 
5191 1 9067 
5197 1 6642 
5199 1 5200 
5204 1 5205 
8854 2 5206 8853 
5208 1 5209 
5232 1 5233 
5249 1 5248 
5251 1 5252 
5261 1 5262 
5264 1 5265 
5267 1 5268 
5275 1 7304 
5283 2 11703 13908 
5291 1 5292 
5293 5 5361 8561 10609 11933 14041 
5301 1 5302 
7221 1 7222 
8362 3 5303 8360 11697 
5327 1 5828 
5330 1 5829 
5334 1 5335 
5336 1 13726 
5338 1 7573 
5342 1 5343 
7136 2 5345 11180 
5353 1 13102 
5360 2 5359 11842 
5363 2 5362 5364 
5365 1 5366 
5383 1 9591 
9241 2 5391 11577 
5406 1 5405 
5408 1 5984 
5416 1 6159 
5423 1 5424 
5426 1 9525 
5429 2 5428 5431 
5433 1 5434 
5435 1 13043 
5438 1 5437 
5440 1 11745 
5441 1 5442 
5445 1 11134 
5446 1 13623 
8661 1 8628 
6039 2 12828 13505 
5447 1 5448 
5450 1 9582 
5452 1 5453 
5455 1 5454 
8809 1 13250 
7065 3 5457 7066 7558 
6242 2 6241 6868 
7063 1 7062 
6866 1 6867 
10577 1 10576 
9440 2 5458 9439 
9601 1 11614 
5460 1 5461 
5463 1 5464 
5475 2 8711 12802 
8781 1 8782 
5493 1 6376 
7216 1 5496 
7219 1 9226 
5507 2 5506 12989 
5509 1 13547 
5549 2 7138 10555 
5552 1 9542 
7901 1 7902 
5563 1 5564 
5568 1 12825 
5569 1 5570 
5571 1 8744 
5575 1 5576 
5578 1 5580 
5582 1 5583 
5585 1 5586 
5587 1 13014 
5590 2 5589 5592 
5600 1 5602 
5604 1 5605 
5606 1 5607 
5614 1 5615 
5619 1 5620 
5623 2 5622 11676 
5624 1 5625 
5637 1 9751 
5639 1 5640 
5642 1 5643 
5645 1 10013 
5650 2 5651 5652 
5660 1 5661 
5662 1 5665 
5663 1 11796 
5666 1 9566 
5668 1 5669 
5679 1 11544 
5680 1 5681 
5703 1 5704 
5713 1 6675 
5715 1 5716 
5718 1 5719 
5720 1 9931 
5764 1 5765 
5772 1 8108 
5773 1 12642 
5775 1 9851 
5782 1 10679 
5784 1 9144 
5795 1 6969 
5797 3 5796 7166 7167 
5801 1 5802 
5805 2 5804 10164 
8456 3 8457 8458 8460 
5806 2 5807 5981 
5809 1 7889 
5832 2 5831 7012 
5833 1 7013 
5853 1 10448 
5862 1 6978 
5915 1 5916 
5919 1 5920 
5921 1 5922 
9195 3 5926 7496 10279 
5928 1 5929 
5935 1 5936 
5938 1 5939 
5941 1 5942 
5944 1 5945 
5948 1 5947 
9249 1 12528 
5954 1 5955 
5957 1 12535 
5958 1 12004 
5961 1 5960 
5962 2 10234 10236 
5971 1 6861 
5972 1 9352 
5975 2 5974 5977 
5993 1 10383 
5995 1 9403 
5996 1 9404 
5998 1 5999 
6001 1 6002 
6003 1 9838 
6005 1 6006 
6008 1 6009 
6012 1 6013 
6017 1 7660 
6019 1 6020 
6025 1 6026 
6030 1 6031 
6032 1 10309 
6033 1 11282 
6035 1 11836 
6040 1 6041 
6044 1 7742 
6049 2 6048 13782 
6050 1 6051 
6052 1 10439 
6055 1 6057 
11954 1 12530 
13538 1 13539 
6070 1 12514 
7114 1 7115 
6071 1 8000 
6082 1 12908 
6084 1 6088 
6090 3 6091 6092 6094 
6098 2 6097 6100 
6106 1 6102 
6108 1 6109 
6110 3 6111 6112 6114 
6124 2 11582 11583 
6125 1 6126 
6145 2 6146 6148 
8236 4 6147 10043 10726 14080 
6149 1 6150 
6156 1 6157 
6161 1 10485 
6173 1 7814 
6186 2 6187 6189 
6190 3 6191 6192 6194 
6202 1 6203 
6204 2 6205 6207 
6268 2 8555 10148 
6298 1 7010 
6301 1 6302 
6306 2 6305 6308 
6307 1 11621 
6310 1 6311 
6316 1 6317 
6330 1 9891 
6340 1 6341 
6342 1 6344 
8839 2 13214 13293 
6392 2 6391 12800 
6397 1 12387 
6400 1 12614 
6405 1 13281 
6420 2 6419 11453 
7528 2 8662 8664 
7526 1 10610 
6429 1 6430 
6431 1 13118 
6434 1 6435 
6455 1 6458 
6461 1 6462 
6476 1 6477 
6479 1 6480 
6487 1 13454 
6491 1 9376 
6493 1 6494 
6497 1 6498 
6500 1 6501 
6508 1 6758 
6510 1 6511 
9165 2 6514 9164 
7755 2 6517 11141 
6528 1 11636 
6535 1 8814 
9040 1 6547 
9042 1 14094 
6551 1 6552 
6556 1 6557 
6564 1 6566 
8271 1 8270 
11741 2 12633 13135 
11539 1 11538 
6567 2 6565 6569 
6570 1 9628 
6591 2 6592 6593 
6597 2 6596 13462 
9102 2 6598 9103 
6602 1 6603 
6606 2 6607 6609 
6610 1 6611 
6618 1 6619 
6631 2 6632 6634 
6635 1 6639 
6643 1 6644 
6645 1 11066 
6647 1 6813 
6794 1 6795 
6797 2 9441 9599 
9598 2 12406 14173 
6654 2 6655 6657 
6688 2 6687 6689 
6707 1 6708 
6709 1 6710 
6712 1 6714 
10850 2 6715 11426 
6720 2 6722 13513 
6733 1 6734 
6737 1 6738 
6756 1 6757 
6759 1 6760 
6768 2 6769 6770 
6773 3 6774 6775 6777 
6779 2 6781 7277 
6782 6 6783 6785 6786 6788 6789 6791 
6798 2 6799 6800 
6802 1 6803 
6807 2 6808 6811 
6810 1 8761 
6814 1 9402 
6816 2 6817 6818 
7987 1 6828 
7986 1 12354 
6832 1 7919 
6848 1 6849 
6851 1 9736 
6855 2 10128 14058 
6871 1 6872 
8291 2 6873 12383 
6878 1 13443 
6879 1 7595 
6881 1 9219 
6882 2 6883 6885 
6887 3 6886 6889 6890 
6892 1 6893 
6894 1 6895 
6897 1 6898 
6906 1 13912 
6907 2 6909 13994 
6908 1 6910 
6912 2 6913 6914 
6927 2 6928 6930 
6932 2 6931 6934 
6937 2 6936 6939 
6940 1 6942 
6943 1 11540 
6948 2 6950 11541 
6964 1 11196 
6967 1 6966 
8118 2 9834 13287 
6973 3 6972 11430 11432 
6998 1 6999 
7001 1 7002 
7027 1 7564 
9870 3 7044 9873 13131 
9869 1 9872 
7048 1 7049 
7058 1 7060 
9108 1 7165 
8473 2 7089 11934 
7096 1 7784 
7105 2 7104 7107 
7106 1 7108 
7109 1 7110 
7121 2 7120 12052 
7122 1 8845 
7127 2 11519 11521 
11518 4 13122 13157 13218 13249 
7129 1 11767 
7137 2 7139 11181 
7150 1 14055 
7152 1 7153 
7173 1 10511 
7190 2 7189 8095 
7192 1 7195 
7193 1 7196 
7194 1 11637 
7223 1 11287 
7225 1 7226 
7234 1 7417 
7236 1 7813 
7235 2 7237 7812 
7239 1 7240 
7245 1 7248 
7249 1 9777 
7256 1 7260 
7976 2 7267 10322 
7268 1 8264 
7286 1 7287 
7296 1 9381 
7306 2 7308 8783 
7309 1 7310 
7311 1 10599 
7312 1 11272 
7319 2 7318 7321 
7322 1 7323 
7352 2 7351 7354 
7353 1 11492 
7355 1 7356 
7358 1 7359 
7360 1 11297 
7368 2 7367 12462 
7370 1 12946 
7392 2 7387 7394 
7401 1 7409 
7411 1 14088 
7412 1 7413 
7415 1 7416 
7421 2 7420 10696 
8754 1 8753 
8755 2 7422 9762 
7431 1 7590 
7433 1 7435 
7448 1 7449 
7456 1 7457 
7460 1 7461 
8340 4 7490 8339 11302 11303 
10816 1 10817 
7503 3 10853 11262 11264 
7515 2 7514 7516 
7523 2 7522 8300 
7524 1 7525 
7530 2 7532 8665 
7533 1 7534 
7535 1 7536 
7538 1 9735 
7540 1 9861 
7539 1 7569 
7541 1 9862 
7543 1 10824 
7544 1 7545 
7547 2 7546 8397 
7548 1 10412 
7551 2 7550 7552 
7554 2 7553 10627 
7555 1 7556 
7560 2 7559 8186 
8184 2 8185 11296 
7562 2 7561 12314 
8160 1 11168 
7566 1 7565 
7567 1 11763 
7574 1 7575 
8623 1 7576 
8622 2 8621 9996 
7584 1 7586 
9452 1 9451 
7588 1 11255 
7589 1 11256 
7593 1 7594 
7596 1 11764 
7599 1 7598 
7600 1 9768 
7608 2 7830 9229 
7642 1 11213 
7659 1 8274 
7673 1 7674 
7678 1 7821 
7680 2 11023 11025 
7685 1 11660 
7705 1 7706 
9260 3 9259 10991 10994 
9261 1 9264 
11988 1 11987 
7727 1 7728 
7729 1 7730 
7731 1 7732 
7739 1 7740 
7756 2 7758 13840 
7766 3 7767 7768 7770 
7774 1 7773 
7775 1 11821 
7782 1 7783 
7785 1 8470 
7790 1 7793 
7791 2 7794 7796 
7799 1 13798 
7792 1 13408 
7800 1 13865 
7810 1 10709 
7816 2 7818 11384 
7832 2 7831 9221 
7833 1 7834 
7836 2 7835 7838 
7847 1 13886 
7848 1 14111 
7851 1 11719 
7860 1 7861 
7863 1 7864 
11985 2 7865 13973 
7866 1 7867 
7869 1 7870 
7872 2 10797 11217 
7873 2 7875 13509 
7876 1 13766 
7874 1 13255 
7878 1 7879 
7881 1 7880 
7883 1 11451 
7882 1 7884 
7894 2 7893 11738 
7904 2 7903 7907 
7906 2 11150 14140 
7920 2 7922 11780 
7921 2 7923 10159 
7925 1 7928 
7940 1 12133 
7944 1 7946 
7945 1 11424 
12366 2 7952 12365 
7958 1 7959 
8958 2 7960 11673 
10497 2 7962 10498 
7977 1 7978 
7983 1 7984 
7985 1 12353 
7994 1 7995 
7997 1 10465 
8001 1 8002 
8006 2 8004 8008 
8009 1 8010 
8012 1 8013 
8015 2 8014 8017 
8020 2 8019 8022 
8024 1 12287 
8026 2 8025 11383 
8030 1 8029 
8032 1 14249 
8035 1 8036 
8042 1 8043 
8045 2 8044 8047 
8046 2 8048 11444 
8050 2 8049 12583 
8065 2 8066 8068 
8071 1 8069 
11975 1 12427 
8074 1 8076 
8075 1 8077 
8078 1 8079 
8096 1 12038 
8098 1 8099 
8110 1 8111 
8122 1 8123 
8128 1 8129 
8131 1 8132 
8135 3 8134 10106 12392 
8137 1 8138 
8148 1 10243 
8150 1 8151 
8153 2 8155 8157 
8154 2 8158 13028 
8159 1 11856 
8163 1 8164 
8165 1 8166 
8168 1 8169 
8171 1 8172 
8175 1 8176 
8178 1 8179 
8180 1 9926 
8187 1 8188 
8190 2 8192 11553 
8193 1 8194 
8197 2 8196 12134 
8200 1 8202 
8203 1 8204 
8208 1 8209 
8211 1 8212 
8216 2 8215 8217 
13626 2 10532 13622 
8222 1 8223 
8237 1 8238 
8244 1 8245 
8246 1 8247 
8248 1 10882 
8251 2 8252 8253 
8258 1 12178 
8260 1 8261 
8265 2 8263 8267 
8268 1 10881 
8278 1 13324 
8285 1 8286 
8294 1 8295 
8307 1 8308 
8311 1 8312 
11411 2 8313 11408 
8315 1 8316 
8318 1 8320 
8323 1 8324 
8325 1 8326 
8328 1 8329 
8332 3 8331 8566 11964 
8334 1 8335 
8336 1 8337 
8342 1 8343 
8346 1 8347 
8435 2 8348 9988 
8352 1 12888 
8356 1 12393 
8358 1 8359 
8363 1 11698 
9007 2 8364 11854 
8374 1 10484 
8375 1 11775 
8382 1 8383 
8388 1 8389 
8391 1 8392 
8394 1 8395 
8396 1 13679 
11748 2 8400 11747 
8401 1 8402 
8404 1 8405 
8408 1 8409 
8411 1 8412 
8414 1 8415 
8416 2 8417 8419 
8422 2 8421 8424 
8426 3 8425 8428 8429 
8430 1 8656 
8431 2 8432 8434 
8438 2 8437 8575 
8446 1 8447 
8451 1 8860 
8461 1 10000 
8462 1 8490 
8464 1 8465 
8467 1 8468 
8469 1 8472 
12847 2 8474 13807 
8475 1 9454 
8478 3 8477 12523 13786 
8481 2 8480 8482 
8484 1 8485 
8487 1 8488 
8491 2 8492 8493 
8495 1 8496 
8497 1 8498 
8510 1 8511 
8512 1 9277 
8516 1 8518 
8519 1 12227 
8520 1 13306 
8522 1 8523 
8529 1 8530 
8545 1 13401 
8547 1 11225 
8556 1 8557 
8563 1 8564 
8565 1 10575 
8570 1 8571 
8572 1 8573 
10487 2 8574 13233 
8586 2 8585 8587 
8592 2 8593 8594 
8596 1 8597 
8604 1 13841 
8605 1 8606 
8608 1 8609 
12903 2 8612 13283 
8614 1 8615 
8619 1 11967 
8633 2 8632 8635 
8636 3 8634 9145 9147 
8637 1 8638 
8640 1 9175 
8647 1 8648 
8651 1 8652 
10391 2 8667 10389 
10749 1 10811 
8672 1 8673 
8692 1 8693 
8694 1 8977 
8695 1 8696 
8701 2 8700 12355 
8705 1 8706 
8708 1 8710 
8709 2 10173 11511 
8712 2 8713 8714 
8717 1 8716 
8718 1 11203 
8726 1 8727 
8730 1 8731 
8736 2 8738 12099 
8740 1 8741 
8745 1 8746 
8749 1 8750 
8758 1 8757 
8760 1 11665 
8762 1 8763 
8764 2 8765 8767 
8768 1 8769 
8770 1 11873 
8774 1 8775 
8776 1 8777 
8786 1 8788 
8789 1 12898 
8793 1 8794 
8796 2 8795 8798 
8803 1 8804 
8805 1 12361 
8817 1 10126 
8820 2 11880 12529 
8825 1 8827 
8830 1 8831 
8837 1 9052 
8840 3 8841 8842 8844 
8848 1 8849 
8862 1 8863 
8864 1 11955 
8868 2 8867 10038 
8870 1 8871 
8873 1 10953 
8874 1 10499 
10014 2 8876 11669 
8879 1 8880 
8881 1 13429 
8892 2 8893 8894 
8899 1 8900 
8914 1 8915 
8920 1 8921 
8925 1 8923 
12283 1 12282 
8929 2 8930 8932 
8934 3 8935 8936 8938 
8944 1 8945 
8954 1 8955 
8965 1 12094 
8972 1 8973 
8983 2 8981 8985 
8984 1 8986 
8987 1 8988 
8995 1 8996 
9002 1 9003 
9006 2 9005 10875 
9018 1 11715 
11153 1 11152 
9032 1 9977 
9036 1 9037 
9043 2 9044 9046 
9049 1 11162 
9050 1 9051 
9059 2 9057 9061 
9062 1 13051 
9065 2 9064 9066 
12292 1 12295 
9075 1 9076 
9077 1 12054 
9083 1 9084 
9092 2 9089 9094 
9096 1 9095 
9098 1 10026 
9114 1 9115 
10134 1 9116 
10135 1 11813 
9117 1 10125 
9118 2 9119 9121 
9124 2 9123 9126 
9127 1 9128 
9136 2 9135 12750 
9140 1 9760 
9141 1 10711 
9158 2 9156 9160 
9168 1 9169 
9173 1 9174 
9176 2 9178 10205 
9180 1 9182 
9184 1 9185 
9186 1 9187 
9189 1 9190 
9191 1 9192 
10280 2 9200 10281 
9207 1 11186 
9213 1 9214 
9223 1 12630 
9227 1 9228 
9231 2 9233 11952 
10063 2 9235 10541 
9237 1 9236 
10348 1 10346 
9247 1 9248 
9253 1 9254 
9256 1 9257 
9304 1 13625 
9310 1 9309 
10119 1 10120 
9314 1 9315 
9322 1 9321 
9323 1 11450 
9328 1 9329 
11990 3 9335 11989 13332 
9336 1 9337 
9339 3 9338 9342 9344 
9341 1 11327 
9345 1 9346 
9349 1 9348 
11347 1 9350 
13749 1 13718 
9357 1 9358 
9842 3 9359 9841 13614 
9363 1 9365 
9364 1 9895 
9896 1 9893 
9367 1 9368 
12873 2 9369 12871 
9370 1 9950 
9372 1 9373 
9377 1 9378 
9393 1 9395 
9394 1 9396 
9397 2 9398 9400 
9409 1 9410 
9411 1 9915 
9415 1 9416 
9426 2 9427 9428 
9436 1 9437 
10752 2 9449 11368 
9455 1 9456 
9457 1 9458 
9460 1 9461 
9465 2 9463 9467 
9470 1 9469 
9472 1 9473 
9475 1 9476 
9477 1 9478 
9480 3 9481 9482 9484 
9492 1 9503 
9500 3 13894 13954 14229 
9502 1 9504 
9507 1 9506 
9508 1 11979 
9511 1 9510 
11143 1 11142 
9513 2 9514 9516 
9517 2 9519 11968 
9524 2 9522 9526 
10136 2 9527 12301 
9532 1 9534 
9543 1 13125 
9544 1 11683 
9549 2 9548 10908 
9550 1 11587 
9554 1 9555 
9568 2 9570 12026 
9575 2 9573 9577 
9584 1 11486 
9586 1 9587 
9592 1 9593 
9605 2 9604 9607 
9937 3 9610 9936 10985 
9611 1 10481 
9624 1 13673 
9629 1 9630 
9631 1 9632 
9634 1 9635 
9637 2 9636 11906 
9644 1 12976 
9646 1 13816 
9648 1 11151 
9649 1 13687 
9650 1 9700 
9651 1 9701 
9659 1 9658 
10291 1 10288 
9660 1 9661 
9664 2 9663 13230 
9665 1 9666 
9668 1 9669 
9671 1 9672 
9680 2 9674 9682 
9684 3 9683 12770 12771 
9686 1 9687 
9691 1 9692 
9693 1 12124 
9695 2 9697 12125 
9702 2 9703 9704 
9706 1 9707 
9709 1 9710 
9713 1 9714 
9715 6 9716 9718 9719 9721 9722 9724 
9725 2 9726 9728 
9729 1 13800 
9731 1 9732 
9734 1 11510 
9738 2 9740 11661 
11459 2 9741 11458 
9742 1 11726 
9746 1 9747 
9748 1 10608 
9766 1 9767 
9770 1 9771 
9782 3 9783 9784 9786 
9789 1 9790 
9791 1 13109 
9796 2 9799 13642 
9798 1 10585 
9797 1 10242 
9801 1 9802 
9803 1 9804 
9805 1 10483 
9806 1 9807 
9809 1 9810 
9811 1 11578 
9813 1 11962 
9817 1 9818 
9820 1 9819 
9822 1 11013 
9821 1 9823 
9826 1 9827 
9832 1 9833 
9835 1 9836 
9839 1 9840 
9858 1 9859 
9865 2 9866 9868 
9875 1 11993 
9876 2 9878 11994 
9879 1 10183 
9881 1 9882 
9883 1 9884 
9887 1 10397 
9899 1 9900 
9901 1 9902 
9905 1 9906 
9909 3 9908 10160 10162 
9910 1 10163 
9911 1 12239 
9916 3 9917 9919 9920 
9923 1 9924 
9925 1 9927 
9930 1 11129 
9933 1 9934 
9939 1 9940 
9945 2 9944 10274 
9947 1 9948 
9951 1 9949 
12082 1 12339 
9952 1 12779 
12778 1 13007 
9958 2 9955 9960 
9962 2 9964 13237 
9968 1 11784 
9970 2 9971 9972 
9973 1 11634 
9979 1 9980 
9984 2 9983 9986 
9989 2 9991 13399 
9997 1 9998 
9999 1 13241 
10002 1 10003 
10005 1 10006 
10016 1 10017 
10025 3 11417 11721 11723 
10030 2 10029 10032 
10031 1 10067 
10035 3 10034 10079 10781 
10044 1 10762 
10046 1 10047 
10048 1 11300 
10053 1 10054 
10058 1 10061 
10062 2 10792 10793 
10064 1 10065 
10069 1 10070 
10072 1 11725 
10074 2 10073 11947 
10077 1 10081 
10083 1 10084 
10089 1 10090 
10094 1 10095 
10098 2 10097 10100 
10102 1 10103 
12115 2 10104 13068 
10110 1 10111 
10123 1 10124 
10129 2 10127 10131 
10132 1 12874 
10152 1 10153 
10169 1 10171 
10177 1 10178 
10184 1 10569 
10189 1 10190 
10193 1 11773 
10197 2 10198 10200 
10202 1 10203 
10207 2 10206 10208 
10215 1 10214 
10217 1 10218 
10220 1 10221 
10222 1 10224 
10228 1 10232 
10245 1 10246 
10253 1 10254 
10268 1 10269 
10272 1 13911 
10273 3 12334 12335 12337 
10276 2 10275 10278 
10285 1 10286 
10295 2 10294 12608 
10297 1 10296 
13702 1 13814 
10298 2 10299 10300 
10302 1 10303 
10304 1 10306 
10311 1 10312 
10320 1 10321 
10324 1 10325 
10328 2 10327 11315 
10329 1 10330 
10340 1 10341 
10355 1 10356 
10367 2 10368 10369 
10373 2 10374 10377 
10804 1 11275 
10376 1 11418 
10378 1 13506 
10380 1 10381 
10393 1 10394 
10407 2 10409 13564 
10420 2 10419 10421 
10425 1 10426 
10429 1 10432 
10430 1 10433 
10431 1 11640 
10435 1 10612 
10438 2 10437 10440 
10449 1 10450 
10451 1 10453 
10454 1 12876 
10456 1 10459 
10473 1 10474 
10479 2 10478 10480 
10495 1 12472 
10504 1 10505 
10509 2 10508 11560 
10510 1 11561 
10512 3 10513 10514 10516 
10517 2 10519 10831 
10518 1 12796 
10522 1 14032 
10529 1 10530 
10531 1 13303 
10533 1 10538 
10543 1 10548 
10549 2 10892 10893 
10550 1 10551 
10557 1 10558 
10560 1 10561 
10566 1 10567 
10578 1 13474 
10582 1 10736 
10584 1 10587 
10590 1 10826 
10592 1 10593 
10595 1 10596 
10598 1 10601 
10602 1 10603 
10605 1 10606 
10607 1 11563 
10613 2 10614 10616 
10617 1 11701 
10619 1 10621 
10622 1 13701 
10625 1 10626 
10630 1 11410 
10633 1 10634 
10635 1 10636 
10639 1 10640 
10642 1 10643 
10645 1 10646 
10649 1 10650 
10651 1 11452 
10653 1 10656 
10657 1 10900 
12148 2 10659 12150 
10661 1 10662 
10673 2 10672 10675 
10693 1 13030 
10697 2 10698 10699 
10703 1 13820 
11710 1 10705 
11711 1 11712 
10716 1 10717 
10959 2 10735 14142 
10753 1 10754 
10756 1 10757 
10759 1 10760 
10764 1 10765 
10768 1 10769 
10770 2 10772 13407 
10775 1 10778 
10779 1 10891 
10784 1 10785 
10787 1 10788 
10790 1 10791 
10798 1 10799 
10801 1 11904 
10802 1 11905 
10807 2 10806 10808 
10809 1 11429 
10812 1 10813 
10815 1 13497 
10819 2 10818 10821 
10828 1 11870 
10838 1 10839 
10841 1 10844 
10846 1 10847 
10849 1 11425 
10854 1 10855 
10856 1 10857 
10865 1 10866 
10872 2 10868 14150 
10879 1 13309 
10888 2 10887 10890 
11415 2 10901 11414 
10903 1 10904 
10907 2 10925 10926 
10909 1 10910 
10915 1 10916 
10922 1 12782 
10931 1 10932 
10949 1 10951 
10986 1 10987 
11007 1 13444 
11028 1 14091 
11029 1 11695 
11041 1 12477 
11044 1 13931 
11067 1 11068 
11146 2 11145 11147 
11148 1 11149 
11179 1 13775 
11205 2 11188 11207 
11248 3 11232 11247 11250 
11233 1 13442 
11234 1 11235 
11243 1 11245 
11267 1 11268 
11273 1 11274 
11276 1 11277 
11279 1 11280 
11301 1 12902 
11304 1 11305 
11306 1 11307 
11309 1 11310 
11313 1 11316 
11320 1 11321 
11325 1 11326 
11345 1 13897 
11352 1 11353 
11361 1 13943 
11362 1 14191 
11363 1 14112 
11365 1 12729 
11367 1 11369 
12611 1 12852 
12613 1 12627 
11371 1 11372 
11385 1 14235 
11386 1 11840 
11387 1 12341 
11392 1 11397 
11400 1 11401 
11406 1 11407 
11427 1 13300 
11440 1 13382 
11442 1 13742 
11446 1 11447 
11448 1 12509 
11460 1 11957 
11464 1 11465 
11470 1 11471 
11474 1 11475 
11480 2 11479 13168 
11487 1 11488 
11499 1 11501 
11502 1 11949 
11505 1 11971 
11513 1 12790 
11515 1 11516 
11526 1 11527 
11531 1 11535 
11542 1 11543 
11546 2 11548 13117 
11549 2 11551 13082 
11552 1 11554 
11556 1 11557 
11571 1 11572 
11573 1 11575 
11579 1 11580 
11585 1 11586 
11589 1 11590 
11594 1 11595 
11600 1 11602 
11606 1 11609 
11607 1 11610 
11615 1 11616 
11619 1 11620 
11633 1 11641 
11652 1 12422 
11653 2 13652 13691 
11654 1 11655 
11658 1 11663 
11666 1 11667 
11668 1 11671 
11674 1 11675 
11680 1 12856 
11682 1 12250 
11685 1 11686 
11688 1 11689 
11690 1 11691 
11692 1 13707 
11694 1 11699 
11704 1 11705 
11713 1 11714 
11727 1 13650 
11733 1 11734 
11736 1 11737 
11743 1 13530 
11753 1 11754 
11758 1 11759 
11771 1 11772 
11777 1 11778 
11781 1 11782 
11787 1 11788 
11790 1 11791 
11792 1 11835 
11798 1 13013 
11799 1 13264 
11800 1 11801 
11803 2 11804 11805 
11808 1 11809 
11810 1 11811 
11818 1 11822 
11824 1 11825 
11827 1 11830 
11832 1 11833 
11838 1 11843 
11859 1 11862 
11875 1 11876 
11879 1 11881 
11883 1 11884 
11894 1 11896 
11898 1 11899 
11911 1 11914 
11917 1 11918 
11920 1 11924 
13586 3 11930 13585 13633 
11935 1 11936 
11939 1 13690 
11941 1 11942 
11944 1 11945 
11946 1 12881 
11948 1 11950 
13153 2 11958 13145 
11960 1 11961 
11970 1 11973 
11978 1 11981 
11991 1 11992 
11995 1 14009 
11997 1 11998 
12000 1 12002 
12005 1 12006 
12011 1 12013 
12019 1 12020 
12025 2 12024 12187 
12029 1 12030 
12033 2 12031 12035 
12037 1 12041 
12042 1 12043 
12045 1 12046 
12051 1 12056 
12059 2 12058 12760 
12060 1 12061 
12064 1 12067 
12069 1 12070 
12072 1 12074 
12076 1 12077 
12079 1 12080 
12085 1 12086 
12088 1 13372 
12090 1 12091 
12101 1 14253 
12103 1 12104 
12109 2 12108 12111 
12117 1 12118 
12119 1 14236 
12121 1 12122 
12128 1 12893 
12131 1 12132 
12136 1 12138 
12144 1 12143 
12146 1 12294 
12145 1 12174 
12152 2 12153 12154 
12156 1 12157 
12164 1 12165 
12167 1 12169 
12172 1 12173 
12176 1 12179 
12181 1 12182 
12186 1 14231 
12189 1 12194 
12201 2 12200 12217 
12205 1 12206 
12213 1 12215 
12219 1 12220 
12232 1 12234 
12237 1 12238 
12242 1 12243 
12246 1 12247 
12249 1 12251 
12254 2 12253 12342 
12255 1 12256 
12262 1 12263 
12265 1 12266 
12268 1 12269 
12271 1 12272 
12273 1 12274 
12276 1 12277 
12280 1 12281 
12286 2 12285 12423 
12289 1 12290 
12798 2 12296 12797 
12297 1 12883 
12299 1 12300 
12320 1 12321 
12322 1 12324 
13616 2 13618 13689 
12329 1 12330 
12344 1 13012 
12351 1 12352 
12357 1 12362 
12368 1 12369 
12372 2 12371 12373 
12374 1 12375 
12378 1 12379 
12381 1 12382 
12385 1 12388 
12394 1 12395 
12399 1 12400 
12402 1 12403 
12404 1 13188 
12407 1 12408 
12410 1 12411 
12414 1 12415 
12421 1 12425 
12470 1 12939 
12487 1 13758 
12490 1 12491 
13096 2 12499 13095 
12500 1 13097 
12505 1 12507 
12510 1 12511 
12517 1 12518 
12520 1 12521 
12531 1 12532 
12536 1 14093 
12538 1 13678 
12566 1 12567 
12569 1 12570 
12571 1 13468 
12572 1 12588 
12574 1 12576 
12581 1 12582 
12591 1 12592 
12595 1 12596 
12603 2 12598 12605 
12604 2 12994 12996 
12606 1 12607 
12609 1 12610 
12616 1 12617 
12623 1 12624 
12625 1 12799 
12634 1 12635 
12636 1 12637 
12640 1 12641 
12666 2 12668 13318 
13192 2 12680 13193 
12681 1 13044 
12687 1 12688 
12691 1 12692 
12695 2 12694 12696 
12698 1 12699 
12705 1 13346 
12707 1 12708 
12709 1 12712 
12715 1 12716 
13067 2 12732 13152 
12734 1 12735 
12747 2 13174 13208 
12758 1 12762 
12764 1 12765 
12766 1 12841 
12772 1 13926 
12781 1 12784 
12791 1 12792 
12793 1 12794 
12804 1 12805 
12811 1 12812 
12818 1 13207 
12819 1 12820 
12823 1 12824 
12830 1 12831 
12844 1 12846 
12849 1 12850 
12859 1 12860 
12862 1 12865 
12867 1 12868 
12877 1 12878 
12880 1 12896 
12910 1 12958 
12913 1 12914 
12916 2 12915 12918 
12920 1 12924 
12926 1 12927 
12928 1 12929 
12931 1 12932 
12936 1 12937 
12940 1 12941 
13353 2 12947 14219 
12954 1 12955 
12961 1 12962 
12964 1 12965 
12967 2 12968 12969 
12974 1 12977 
12979 1 12980 
12991 1 13907 
12997 1 12998 
13001 2 13000 13003 
13004 1 13040 
13008 1 13009 
13020 1 13021 
13034 1 13035 
13038 1 13045 
13048 1 13049 
13054 1 13055 
13058 1 13059 
13060 1 13061 
13081 1 13084 
13088 1 13089 
13092 1 13093 
13098 1 13236 
13106 1 13107 
13108 1 13549 
13123 1 13124 
13127 1 13128 
13134 1 13140 
13143 1 13144 
13155 1 13156 
13159 1 13160 
13161 1 13835 
13162 1 14052 
13164 1 13165 
13167 1 13171 
13172 1 13301 
13177 1 13178 
13180 1 13181 
13185 1 13475 
13200 1 13201 
13204 2 13203 13206 
13212 1 13240 
13216 1 13217 
13223 1 13224 
13226 1 13227 
13228 1 13292 
13238 1 13242 
13244 1 13245 
13252 1 13253 
13274 1 13275 
13289 1 13290 
13308 1 13319 
13326 1 13327 
13338 2 13335 13340 
13343 2 13342 13345 
13349 1 13351 
13356 1 13357 
13362 1 13363 
13379 1 13380 
13387 1 13417 
13389 1 13390 
13391 1 13393 
13396 1 13397 
13398 1 13402 
13404 1 13405 
13410 1 13411 
13414 1 13415 
13416 1 13418 
13425 1 13426 
13428 1 13432 
13434 1 13481 
13437 1 13438 
13439 1 13440 
13445 1 13446 
13449 1 13458 
13472 1 13473 
13480 1 13484 
13487 1 13503 
13507 1 13508 
13516 1 13521 
13527 1 13528 
13533 1 14065 
13574 1 13575 
13579 1 14117 
13581 1 13582 
13590 1 13600 
13595 1 14211 
13599 1 13607 
13608 1 13615 
13619 2 13621 13810 
13627 2 13628 13629 
13634 1 13635 
13636 1 13637 
13657 1 13658 
13659 1 14254 
13667 1 13669 
13674 1 13675 
13676 1 13681 
13682 1 13709 
13684 1 13801 
13693 1 13694 
13696 1 13697 
13699 1 13700 
13704 1 13705 
13723 1 13724 
13781 1 13784 
13789 1 13790 
13791 1 14030 
13794 1 13795 
13818 1 13819 
13822 1 13830 
13831 1 13833 
13892 1 13893 
13895 1 13896 
13917 1 13918 
13920 1 13922 
13936 1 13940 
13941 1 13974 
13946 1 13947 
13960 1 13977 
13979 1 13980 
13986 1 13991 
13996 1 13997 
13998 1 14003 
14007 1 14008 
14017 1 14018 
14033 1 14034 
14053 1 14054 
14060 1 14064 
14079 1 14082 
14084 1 14085 
14133 1 14134 
14151 1 14274 
14156 1 14157 
14160 1 14168 
14170 1 14171 
14178 2 14176 14180 
14183 2 14182 14185 
14186 1 14187 
14222 1 14225 
14227 1 14228 
