194 1 77
332 31 75 76 83 84 98 99 115 139 150 153 154 368 369 416 418 419 420 427 428 448 449 450 451 452 461 462 463 527 592 608 618 
556 23 25 26 90 167 169 175 176 195 217 283 301 308 390 429 430 500 526 644 645 646 664 666 668 
125 1 81 
21 1 575 
256 1 570 
409 1 406 
554 1 367 
687 5 280 281 372 497 507 
609 6 376 377 378 471 559 560 
202 6 201 204 212 314 341 380 
355 4 330 383 563 565 
544 1 577 
617 10 149 339 340 457 459 514 517 532 591 674 
68 3 351 498 597 
334 2 80 96 
236 2 254 284 
684 14 104 105 241 243 244 309 310 392 436 480 501 502 503 628 
688 2 184 328 
540 2 245 246 
405 1 183 
539 2 499 574 
573 2 382 511 
240 2 165 296 
298 1 23 
408 1 528 
453 6 225 474 475 484 485 488 
293 5 467 509 534 537 538 
384 4 206 385 386 387 
239 1 335 
578 5 163 312 313 568 667 
624 1 518 
262 4 261 305 477 550 
683 2 172 396 
360 1 651 
160 3 92 235 626 
472 1 373 
20 1 421 
67 2 66 288 
237 2 2 504 
299 8 5 85 95 164 255 302 400 433 
413 2 218 473 
97 1 180 
7 1 495 
49 1 238 
272 1 464 
571 3 72 73 379  
4 4 144 478 479 607 
209 23 36 38 40 43 44 45 50 108 109 211 247 248 251 257 258 311 432 506 510 588 598 599 601 
317 1 315 
465 1 444 
551 1 285 
113 2 231 415 
106 1 303 
210 8 33 226 476 486 487 567 579 580 
221 5 51 52 53 54 214 
515 2 151 627 
625 14 79 186 223 227 232 375 435 437 482 489 596 610 632 661 
336 1 513 
371 16 65 111 141 158 168 289 337 394 395 442 443 536 581 631 650 669 
349 3 346 348 350 
327 6 112 116 117 190 639 649 
122 1 490 
493 1 148 
582 7 391 583 584 585 586 587 653 
681 2 12 13 
370 1 447 
566 1 519 
58 4 11 15 18 252 
322 3 321 325 326 
673 9 22 155 174 333 663 675 676 677 678 
455 9 55 69 177 178 179 189 191 192 589 
123 1 438 
46 2 42 47 
56 1 562 
86 1 87 
492 2 103 286 
196 1 553 
329 1 331 
365 1 402 
366 1 611 
424 4 619 620 621 622 
483 2 426 481 
