facebook.txt 2888 2790 0.966066 0.0339335
s420_st.txt 252 37 0.146825 0.853175
yeast.txt 1830 908 0.496175 0.503825
hiv.txt 40 22 0.55 0.45
netsci.txt 1455 199 0.13677 0.86323
gene_fusion.txt 291 203 0.697595 0.302405
hiv.txt 40 22 0.55 0.45
netsci.txt 1455 199 0.13677 0.86323
similarities.txt 426 167 0.392019 0.607981
euroroad.txt 1069 169 0.158092 0.841908
icefiresocial.txt 794 183 0.230479 0.769521
metabolite.txt 452 6 0.0132743 0.986726
hamster.txt 1570 206 0.13121 0.86879
sistercities.txt 13960 6457 0.462536 0.537464
