1 1
3 1
6 1
22 1
452 1
879 1
408 1
476 1
628 2
537 1
622 1
597 1
38 3
372 1
560 1
1072 1
252 1
515 1
163 1
10 1
27 1
400 1
211 1
535 2
1073 1
42 1
1018 1
130 1
932 1
50 1
64 1
431 1
845 1
875 1
900 1
857 1
986 1
136 2
283 2
279 1
1013 1
105 1
296 1
404 1
847 1
780 1
467 1
890 1
413 1
895 1
887 1
106 1
710 1
836 1
469 2
46 1
107 2
489 1
809 1
1005 1
893 2
45 1
487 1
674 1
1010 1
681 1
1025 1
75 1
692 1
48 1
396 1
73 1
12 1
29 1
1094 1
1127 1
152 1
1137 2
14 1
18 2
387 1
389 1
19 1
31 1
35 2
391 1
54 1
540 1
911 1
80 1
903 1
561 2
58 1
61 1
65 1
668 2
77 1
676 1
78 1
82 1
116 1
150 1
574 1
86 1
87 1
603 1
602 1
633 1
797 2
92 2
599 1
829 1
667 2
97 1
109 1
110 1
490 1
144 1
700 1
697 1
696 1
907 1
187 1
542 1
189 1
240 1
1112 1
248 1
196 1
724 2
192 1
112 2
114 2
120 1
1144 1
122 2
124 2
126 2
571 2
132 1
135 2
137 1
172 1
138 1
686 2
176 2
180 1
459 1
693 1
235 2
461 2
1046 1
503 1
722 1
502 1
504 1
909 1
141 1
145 1
158 1
204 1
205 1
245 1
206 1
160 1
209 1
161 1
165 1
855 2
181 1
182 1
199 1
212 1
216 2
613 1
220 1
707 1
806 1
708 2
227 1
834 1
424 1
428 1
243 1
249 1
255 1
259 1
465 1
261 1
264 1
508 1
511 2
752 1
551 1
751 1
505 1
268 1
552 1
270 1
281 1
273 1
291 1
292 1
297 2
298 1
473 1
301 1
518 2
304 1
941 1
307 1
312 2
321 1
318 1
866 1
316 3
324 1
522 1
523 1
328 1
340 1
956 1
331 1
342 3
350 1
335 1
442 1
347 1
444 1
965 1
953 2
338 1
531 1
958 1
959 1
448 2
449 2
356 1
360 2
611 1
799 2
800 1
366 1
381 1
368 1
369 1
374 1
795 1
379 2
383 1
1023 2
417 1
429 1
438 1
527 1
948 1
687 1
688 1
479 1
481 1
482 1
524 1
528 1
547 1
549 2
555 1
565 1
567 1
568 1
1163 1
921 1
1154 2
580 1
927 1
583 1
586 1
587 1
588 1
605 1
618 1
625 1
636 1
640 1
642 1
644 1
646 1
650 1
652 1
653 1
655 1
657 1
660 1
663 1
823 2
690 1
702 1
703 1
712 1
727 2
728 1
997 1
742 1
755 1
757 1
761 1
764 1
767 2
934 1
770 1
775 1
778 1
785 1
788 1
796 1
804 1
814 1
817 1
826 1
848 1
851 1
870 1
876 1
914 1
1128 1
1132 1
923 1
936 1
938 1
942 1
946 1
969 1
974 2
978 1
981 1
987 1
1001 2
1032 1
1037 1
1053 1
1056 1
1060 1
1065 1
1076 1
1083 1
1086 1
1089 1
1092 1
1098 1
1101 1
1104 1
1119 1
1146 1
1157 1
1160 1
1165 1
1167 1
1169 1
1172 1
