0 1
2 5
402 1
1540 2
1422 8
1435 2
1531 1
24 2
147 1
476 1
1049 3
1261 2
1362 1
1062 3
381 1
1543 1
478 6
535 1
554 1
868 1
1519 1
1566 8
284 1
432 1
1245 1
1303 3
1306 2
1425 2
1472 1
1492 1
1514 1
29 2
1159 5
1496 1
1518 2
1522 1
1569 1
105 1
112 1
145 1
233 1
241 1
500 5
625 2
657 3
837 8
1260 2
1300 1
1464 2
1500 3
1549 1
25 1
114 2
150 1
204 1
1057 1
1308 1
1358 1
1450 2
1501 1
1507 1
423 1
56 2
656 1
1291 1
839 1
1396 5
516 1
713 3
1510 1
710 1
1386 1
61 3
89 1
152 1
544 1
634 1
1248 1
1278 1
1314 1
1319 1
1367 1
1516 2
222 2
321 1
327 1
405 1
475 1
507 1
530 2
1524 1
1385 1
1538 1
101 1
196 1
477 1
738 3
1198 1
456 1
643 1
157 1
887 2
737 1
1243 1
143 2
546 2
750 1
1246 1
1370 1
1539 1
1461 1
1402 1
1373 1
1512 1
67 1
521 1
688 1
888 4
591 1
961 2
977 1
1343 2
315 1
187 1
628 1
1446 1
208 1
1238 1
512 1
179 1
362 1
1227 2
504 1
976 1
549 1
972 1
1122 3
224 2
931 1
220 1
358 1
576 1
689 1
719 1
1044 2
1039 1
1131 1
1145 1
1147 1
1150 1
