2 2
4 9
10 8
11 1
14 5
15 3
68 9
70 6
19 8
20 8
24 5
28 1
59 8
64 1
88 4
90 2
92 3
96 1
113 1
120 2
132 1
138 1
175 1
202 1
272 1
481 1
486 1
489 1
494 1
194 1
266 1
405 1
422 1
689 1
130 4
302 1
673 1
243 1
725 1
185 2
189 1
27 1
58 1
307 1
309 1
428 2
518 1
466 1
477 1
65 1
50 1
167 1
169 1
72 4
73 2
79 1
86 6
559 1
652 1
225 1
107 1
180 1
239 1
324 1
341 1
450 1
542 1
41 3
210 1
53 1
148 1
305 1
337 1
355 1
372 2
396 1
444 3
504 1
522 1
643 1
153 1
622 1
765 1
181 1
223 1
29 1
702 1
641 1
99 1
528 2
590 1
448 1
580 1
435 1
241 1
146 2
100 1
735 1
647 1
