1 2
8 1
11 1
12 1
895 1
910 1
887 1
19 1
26 2
29 2
32 1
34 2
38 2
40 1
43 1
44 2
58 1
60 1
63 1
84 1
48 1
590 1
123 1
128 1
129 1
228 1
1447 1
106 2
502 1
101 1
597 3
134 1
1346 1
395 1
343 1
347 1
226 2
1036 1
203 1
208 1
211 1
212 1
222 1
170 1
99 1
110 3
113 1
135 1
184 1
394 1
562 1
732 1
1039 1
281 1
173 1
990 1
676 1
104 1
111 1
372 1
243 1
298 2
327 1
335 1
336 1
200 1
565 1
466 1
187 1
174 1
961 1
193 1
253 1
774 1
775 1
781 1
599 1
602 1
491 1
482 1
1196 1
685 1
532 1
443 1
267 1
958 1
1223 1
121 1
1296 1
459 1
534 1
535 2
796 1
238 1
423 1
993 1
145 1
979 1
1119 1
1271 1
618 1
738 1
309 1
275 1
1109 1
143 1
527 1
541 1
543 1
549 1
197 2
736 1
469 1
1293 1
476 1
147 1
547 1
1418 1
1421 1
278 1
638 1
641 1
271 1
196 1
1241 1
1156 1
152 1
809 1
1048 1
813 1
1226 1
141 2
191 1
204 4
513 1
520 1
511 1
231 2
234 2
236 1
1152 1
256 2
259 3
263 1
279 2
289 2
303 1
312 1
350 1
353 2
358 2
361 1
362 1
365 2
375 1
377 1
378 1
831 1
387 1
397 1
405 2
408 2
440 1
444 1
446 1
457 1
479 2
496 1
499 1
551 1
1149 1
570 1
574 3
610 1
609 1
1450 1
874 1
998 1
621 1
624 1
634 1
644 2
656 2
659 2
669 1
672 1
673 1
682 1
690 2
693 2
696 1
698 1
702 2
714 1
740 1
742 1
745 1
748 2
750 1
751 1
759 1
765 1
766 2
767 1
778 1
787 1
800 1
806 1
818 1
822 2
825 2
827 1
833 1
836 1
838 1
841 2
850 1
852 2
857 1
861 1
865 2
867 1
871 2
877 1
884 2
923 1
929 1
933 2
936 2
943 2
962 2
964 1
970 1
972 1
975 2
981 1
985 1
1006 1
1010 2
1012 1
1019 1
1032 2
1066 2
1070 2
1072 1
1075 2
1081 1
1082 1
1083 1
1087 2
1089 1
1092 2
1113 2
1115 1
1124 1
1327 1
1128 1
1135 2
1138 2
1162 1
1173 1
1178 1
1183 1
1189 1
1194 1
1201 2
1203 1
1205 2
1209 1
1221 1
1255 1
1258 1
1262 1
1264 1
1281 1
1286 2
1300 2
1302 2
1309 1
1312 1
1317 2
1321 1
1324 1
1335 1
1338 1
1341 1
1350 1
1353 2
1356 1
1360 2
1367 1
1373 1
1377 2
1382 2
1401 1
1404 2
1407 2
1412 2
1414 1
1431 2
1434 1
1437 1
1440 2
1444 2
1453 2
1456 1
1458 1
