0 1
4 1
5 2
19 1
27 1
53 1
250 1
42 2
29 1
89 3
35 1
102 1
67 3
78 1
68 1
75 1
72 2
74 1
81 2
61 2
7 1
166 1
9 1
10 1
112 1
16 1
49 2
55 1
58 2
71 1
114 1
118 2
119 2
127 1
128 2
129 3
131 1
134 1
138 1
141 2
152 2
154 1
158 1
174 1
177 1
185 1
195 2
199 1
202 1
204 1
207 1
209 1
211 1
213 1
215 1
219 1
222 1
224 1
225 1
231 1
232 1
235 1
237 1
244 1
246 1
254 1
256 1
259 1
263 1
266 1
267 1
270 2
274 1
277 1
279 1
282 1
286 1
289 1
292 1
296 1
298 1
302 1
304 1
307 1
310 1
316 1
318 1
321 1
325 2
328 1
348 1
350 1
353 1
358 1
365 1
369 2
373 1
375 1
377 1
383 1
386 1
389 1
392 1
395 2
405 1
408 1
411 1
414 1
416 1
422 2
427 2
