3 1
7 2
9 1
10 1
16 1
188 1
246 1
333 2
354 1
56 2
58 1
61 1
68 2
73 1
74 5
80 1
137 3
154 1
221 1
348 1
25 1
49 2
53 2
57 3
81 1
117 2
307 1
690 1
693 1
29 3
1005 1
198 1
575 1
1090 1
239 1
678 1
687 1
758 2
168 1
1682 1
4231 2
5082 2
52 1
163 1
5 1
39 1
254 5
486 1
556 2
617 2
1055 1
1056 1
1061 2
12257 1
22 1
223 2
234 1
1927 1
1928 1
187 2
716 1
1036 13
67 3
359 5
528 2
555 1
558 1
559 2
277 1
790 1
1511 1
35 13
390 3
778 1
796 2
1906 1
91 1
524 2
731 2
733 1
734 5
799 3
802 1
2514 1
2571 1
499 3
972 1
974 3
30 1
139 1
142 3
149 1
151 5
166 2
203 1
314 3
318 1
320 1
1083 1
1085 1
684 1
63 1
218 1
1936 1
1784 1
316 2
329 1
571 2
697 1
704 1
902 3
915 2
1016 1
196 1
205 3
210 2
213 1
298 6
340 7
751 1
753 1
756 1
1421 1
969 1
1520 1
1950 1
681 1
998 1
541 3
614 2
760 2
877 2
1293 2
1655 1
1749 1
894 1
1667 2
347 1
699 1
1740 1
1741 1
1746 1
1168 2
1183 2
1245 3
122 2
755 1
910 1
1661 1
88 3
427 1
1905 1
454 2
813 1
1523 2
1604 5
51 1
308 1
324 1
469 1
570 1
738 1
739 1
171 1
300 2
1364 1
1365 2
1368 1
498 2
40 1
330 2
331 1
336 1
991 6
1441 2
965 2
791 1
1522 1
514 1
1483 1
1605 2
10262 1
383 1
553 2
978 1
1317 1
1641 1
585 1
1133 2
763 3
1632 2
1664 3
1157 4
497 1
1094 2
3158 1
3300 4
3743 1
3797 1
6072 1
265 1
565 1
783 1
1363 1
1351 1
1352 3
981 1
1911 1
2870 3
3256 1
5211 2
1854 3
1855 1
1007 1
457 1
578 1
389 1
2656 1
3441 1
475 2
963 1
958 2
1166 3
220 2
358 1
466 1
891 1
1240 2
1966 1
600 1
3746 1
10937 1
964 2
341 1
2294 1
2709 1
10520 1
1797 3
861 1
715 1
1436 2
11 1
2199 1
1382 1
484 1
1642 1
33 1
178 1
2151 2
610 1
1243 4
1528 2
5222 2
10951 1
5729 2
6355 1
2757 1
215 3
400 1
402 1
403 1
405 1
406 2
1159 1
1162 1
1167 1
363 1
723 1
1508 2
2323 1
93 2
372 1
1450 1
1230 1
1929 1
267 2
3183 2
250 1
479 1
650 2
1258 1
5002 1
5008 1
5009 7
864 1
898 2
368 4
381 1
2346 2
725 4
727 1
415 1
263 2
473 2
1591 1
2411 3
527 1
1653 1
1674 1
1475 1
5549 1
6838 2
290 3
1038 1
2684 1
2687 3
521 1
284 5
840 2
5169 1
538 4
862 2
961 1
1336 1
2224 2
2594 1
5739 2
5741 1
1654 2
353 1
1040 1
1868 1
3148 2
4904 1
1106 1
1954 1
226 1
231 1
1069 1
776 1
2006 1
4687 1
2196 1
2761 1
103 1
195 1
1037 3
1078 2
820 7
1912 1
1913 1
598 3
2022 1
410 2
1318 1
2589 1
301 1
1281 1
2737 1
2935 3
3620 2
3654 1
3657 1
2388 4
1668 1
1734 2
2614 1
2677 1
2696 1
2699 1
2701 1
2707 1
2349 1
6742 2
526 1
542 1
1096 2
1098 1
1331 1
1333 2
1334 2
1339 1
4327 1
380 2
875 1
878 2
1751 2
4318 1
4565 2
608 2
2030 1
3106 1
1783 3
2334 1
3325 1
3429 2
2304 1
2192 1
1239 1
101 3
1035 2
1237 1
1884 1
504 2
827 1
829 2
1087 2
1431 1
2298 1
2975 3
4070 3
1012 1
2364 1
3005 1
5369 1
516 2
522 1
1824 5
2534 3
5514 1
5515 3
551 1
3562 1
1102 3
2603 1
5394 1
540 2
2297 1
2464 1
130 1
394 2
6828 1
1172 3
819 1
2641 2
3698 2
5414 1
6574 2
547 3
1402 1
5418 1
5420 1
461 1
2691 1
44 2
4017 1
5368 1
620 1
895 1
1617 2
2451 1
3254 2
1871 1
66 1
815 3
1779 1
1781 1
1782 4
1809 1
209 1
1029 1
1033 1
1175 1
5688 4
3117 2
3966 1
313 3
3184 3
1383 1
3974 1
3977 2
2132 2
428 2
1219 2
2007 2
6676 1
848 2
3693 1
1425 2
947 1
3180 1
3265 1
1263 1
1430 1
345 2
737 1
2543 1
436 2
1039 5
1519 1
707 1
2852 2
1427 1
2610 1
2301 2
2873 1
3903 5
2678 2
586 2
1443 2
1445 1
1278 1
1285 1
3194 1
2207 1
492 1
2143 1
3343 1
3646 3
1670 2
432 2
7261 2
1220 1
721 2
1182 1
2177 1
1221 1
590 1
1324 1
5498 3
11169 1
1563 1
3301 1
641 2
962 1
1184 1
1185 1
1191 3
1193 1
1199 1
1203 1
1205 1
299 1
2419 1
1246 1
1886 1
79 1
3507 1
11184 1
784 2
1750 1
3523 3
2981 1
5874 2
2878 1
5654 1
1071 1
11359 1
1463 2
1466 2
1467 1
357 3
1072 1
2829 1
251 2
1057 1
1254 1
1327 2
1328 1
2050 2
370 1
638 1
3799 3
2401 3
651 1
5547 2
1163 2
2881 1
3044 1
5313 1
1295 1
6413 2
6414 1
507 2
2439 1
3711 1
2559 1
2644 1
3550 2
3792 1
6388 1
1152 1
1448 2
4530 3
830 1
1307 1
94 1
1377 2
1380 1
2052 1
2916 2
4322 1
3426 3
673 1
1064 2
3661 2
3900 2
4872 1
2927 2
745 1
2136 1
4428 1
227 1
1626 1
1628 3
1023 1
1373 1
5022 1
1619 2
1227 3
1728 2
2673 2
1598 1
860 2
3006 1
3009 1
3010 1
3013 2
879 1
1852 2
9958 1
1276 1
1862 2
3167 1
3710 1
4328 2
4330 1
3388 1
1807 1
3680 1
2296 2
818 1
3127 1
1392 2
1513 2
1470 1
2042 2
4325 2
1218 2
1837 4
12643 1
3345 5
2605 1
705 1
1584 2
468 1
1289 2
3801 3
3802 2
1472 2
270 1
1634 1
1814 1
3431 1
1485 2
2244 1
3155 1
2577 2
1993 1
3763 1
8296 1
2523 1
4074 2
488 1
671 1
280 1
2215 2
5285 1
8288 1
8291 1
1488 1
109 2
3952 1
12326 2
2486 1
787 2
920 1
994 1
2894 1
966 2
1774 2
2186 2
4049 1
5904 1
3479 1
2879 1
2488 2
3004 1
2400 1
885 1
914 1
1486 1
3222 1
3994 1
5107 1
6243 1
3118 1
4366 1
777 1
4554 1
9966 1
2890 2
3462 1
1282 1
1681 1
2290 2
4023 2
3442 1
901 1
1224 1
1225 1
2169 1
5694 2
13193 1
361 1
366 1
5534 2
2648 1
1308 1
2187 1
1302 2
1478 2
4677 1
5553 2
1804 1
7423 1
10719 2
2921 2
984 1
1541 1
1586 3
2138 1
7625 3
12449 1
2970 1
2612 2
2152 2
1214 1
4239 1
546 1
5213 1
11864 2
6151 1
6426 1
1003 2
5378 1
5379 2
6598 1
2758 1
3611 1
3640 1
1093 3
615 2
1428 2
3116 1
9975 1
451 1
2113 3
7381 3
4890 1
1273 1
1957 1
1958 1
1043 1
3011 1
11160 1
12048 1
12228 2
491 1
4113 1
1851 4
113 2
1622 3
5105 1
8629 1
6400 1
8799 1
3875 1
447 3
5054 1
1476 1
1479 1
2110 2
10680 1
10091 1
5751 1
2082 1
4584 2
7409 1
2392 1
2424 1
7454 2
587 1
2490 2
3188 1
3481 1
6165 1
2331 1
2332 2
6749 4
458 1
1376 1
625 3
1592 2
2522 2
3878 1
5001 2
6058 2
7281 1
3508 1
4821 1
855 1
1002 1
858 3
12443 1
4066 1
1726 1
1822 1
1826 1
6367 1
490 2
1344 3
1602 3
2795 2
2595 4
2821 1
4481 1
5123 2
5124 1
1752 2
2075 1
5387 1
3566 1
4827 1
4829 1
6449 1
9773 3
1341 1
1630 1
1417 2
5730 3
1155 1
1252 1
844 2
1395 7
1874 1
1876 1
2958 1
8625 1
4940 2
13870 3
3091 1
4250 1
1687 1
1990 1
275 1
3899 2
2503 1
467 2
1883 2
993 1
5351 1
5353 1
2785 1
5511 1
3596 1
4139 2
7675 1
4513 1
4277 2
2018 1
2802 1
968 1
2563 3
1051 1
7507 1
7437 1
5846 1
11217 1
7370 3
1635 1
1637 1
3146 1
3147 3
3149 1
10465 1
10466 1
11079 1
8540 1
1198 3
1729 2
3381 1
6573 1
7930 1
4278 2
276 2
950 1
3323 1
6771 2
2180 1
411 1
531 4
533 1
539 1
2871 2
621 2
847 1
1320 2
1398 1
899 1
1123 1
3561 1
1134 2
2865 3
3599 1
2029 1
7228 1
1484 1
2055 1
2057 2
9964 2
6296 1
3886 1
2449 2
5824 1
1257 3
5779 1
108 2
1474 2
4458 1
12661 1
4679 1
5149 1
10877 1
5071 1
5466 1
4253 2
2218 2
3846 2
13960 1
911 1
4859 1
1843 2
2468 1
6431 2
9599 1
6292 1
2618 1
4650 1
11436 1
7376 2
2799 1
11760 1
1986 1
5541 1
7341 1
4454 2
1544 2
1545 1
5308 2
8850 1
13010 1
1539 1
5539 1
258 1
1727 1
7751 1
3933 1
9793 2
2513 2
2516 1
7591 1
2245 2
4361 1
47 2
481 2
12768 2
2515 1
1233 2
5242 1
8814 1
1623 1
769 1
2913 2
989 1
3319 1
10492 1
3728 1
2882 1
9019 3
12834 1
1482 1
9418 1
6317 1
10246 1
3976 1
3689 2
4835 1
3868 1
4363 3
2631 2
3614 1
954 2
3181 2
6420 1
5634 1
1559 1
6183 2
4848 2
1696 1
2399 1
3699 1
6229 1
6230 1
6347 1
6254 1
995 1
10145 1
5556 1
7252 1
2204 4
9354 1
4893 5
3340 3
7932 1
7803 2
9148 1
1492 1
2205 1
2190 1
7227 1
2606 2
3714 1
3305 1
2897 2
2422 4
3103 1
4413 1
2663 2
1446 2
9217 1
9443 1
11171 1
2260 1
237 1
2922 1
426 1
1268 3
7681 1
7118 1
8500 2
9889 2
1314 2
294 1
7989 2
1940 2
2891 1
4124 2
4965 2
5500 3
134 1
7452 2
1579 3
1992 3
2195 1
9323 1
5833 1
2064 1
3060 1
1861 1
1865 1
2243 1
3052 2
3326 3
1335 1
2347 1
8579 1
639 1
3109 2
3272 1
3288 1
7371 1
4926 1
419 1
1301 1
2646 1
4153 1
4228 1
2533 2
5106 1
2059 1
13368 1
1267 1
2085 1
3182 2
3962 2
6910 2
4641 1
4642 1
4644 2
3775 2
9359 1
2767 1
4156 1
7505 1
6313 1
2560 2
5750 1
5859 1
7101 1
1578 1
701 1
703 1
5761 1
7511 1
2494 1
3095 1
3568 2
1894 1
2779 2
1944 2
11116 1
1757 1
11290 1
12140 1
4946 1
287 1
3084 5
7153 1
2743 2
2133 1
6369 1
5850 1
6803 1
10526 3
4283 1
5044 2
1891 1
4309 3
5683 1
3512 1
7208 1
5776 1
8369 3
1921 1
11536 1
13753 1
12671 3
9504 2
2043 2
2489 1
12752 2
6064 1
4282 1
7758 1
4626 1
7968 1
3579 1
6680 2
4441 1
45 1
5571 1
657 2
4804 1
8280 1
888 1
4475 1
4654 1
10711 1
3761 2
2176 3
8771 3
3271 2
5627 1
1780 2
694 1
5299 1
1122 1
1723 1
664 6
3687 1
4791 1
8706 1
6612 1
12550 1
660 1
1887 2
3593 1
1582 1
4683 3
2846 1
2423 1
634 2
5499 1
983 1
7036 1
3034 1
5814 2
5880 3
4600 2
1557 1
3839 1
3221 1
1718 1
8432 1
7691 2
4416 1
10730 1
3160 1
3174 1
11193 1
2599 1
3211 2
923 1
5018 2
2191 2
3795 1
7484 2
7475 1
2575 1
3245 2
286 1
288 1
2103 1
5170 2
1611 3
11630 2
3936 1
1138 2
5273 2
3233 2
6922 1
7018 1
7051 2
8911 1
2506 3
5840 2
5681 1
10351 1
4093 1
2044 1
5778 1
2139 2
1406 3
11030 2
12981 2
3995 2
7337 1
2755 1
10444 1
8903 2
2964 1
2863 1
1092 2
452 1
1963 1
1964 1
2995 2
5393 1
5104 1
3718 2
4478 1
5905 1
2413 1
933 2
12229 2
3396 1
4672 1
4674 2
5513 3
8223 1
1066 1
2736 2
2532 1
5128 2
5130 3
12904 1
12773 1
1271 1
8885 1
1869 1
4596 1
4598 2
2102 6
9854 2
1772 3
6245 1
1981 2
1404 2
4814 1
11813 1
13559 1
12776 6
11063 1
1720 1
4840 2
10209 1
3189 1
6533 2
7567 1
5118 1
4629 1
1501 1
1503 2
1008 1
2088 1
6822 1
3960 3
4061 2
6468 1
6119 1
4518 1
4960 2
2416 6
12184 1
3515 4
2355 1
9420 1
12444 1
12417 1
1201 1
5383 2
8386 1
6075 2
3747 1
1332 1
9300 1
2484 3
6225 1
4908 1
843 2
9110 2
2025 1
7954 2
7956 1
2660 1
3838 1
279 2
418 1
10462 1
9884 1
6852 1
10747 1
5370 3
7667 1
1223 2
3031 2
2481 2
2024 1
5038 1
6604 1
11089 1
7155 1
2361 1
2520 1
7929 1
1753 1
8874 1
1216 1
4566 1
897 1
3413 1
6917 2
2032 1
3867 1
6175 1
3215 1
9412 1
2454 1
5826 1
11569 1
8443 1
1144 1
6521 1
12970 1
3385 1
4760 1
5053 1
5241 2
6761 1
517 1
2550 1
3203 1
4810 1
4082 1
5855 1
2760 2
3811 1
10571 2
11000 1
7378 1
2616 1
3929 1
4169 2
1355 1
5545 1
7427 1
5544 1
7747 2
6427 1
7476 1
3237 1
9546 1
4690 3
2248 2
2770 1
764 1
3163 1
8942 1
1572 1
9564 1
1435 1
2079 1
3423 1
5234 1
6378 2
996 1
3585 1
10136 1
2553 2
1709 2
3205 1
4229 1
5690 1
1507 1
5837 1
5065 1
7029 2
3882 1
8566 1
8598 1
4744 1
8139 2
5157 1
6248 1
6421 2
12492 1
8662 1
6684 1
2904 2
11025 1
4224 1
3552 1
9913 2
8255 1
13596 1
4962 2
6524 2
8053 2
13992 1
1118 2
661 2
662 1
4402 1
6424 1
986 1
1786 4
2340 6
5166 3
4464 1
4466 1
4467 1
3690 1
13250 2
7085 1
4358 1
11849 1
924 1
2425 1
4414 2
11207 2
1762 1
9214 1
4803 1
4471 1
8534 1
1415 1
4659 1
9508 1
7117 1
8501 1
3053 1
529 1
1765 1
2109 1
8720 1
10191 1
1149 2
3218 1
6283 1
3248 3
2956 1
2957 2
2241 1
1574 1
7010 1
5103 2
3274 4
4063 3
5522 4
14024 1
9424 2
12466 2
5968 3
9305 1
3202 1
9616 1
3967 1
3972 1
4643 1
3021 2
5075 1
5412 1
4727 1
1326 1
2565 1
3786 1
8999 1
13590 3
11287 1
7807 2
2744 1
3315 1
2099 2
13484 1
11129 1
2993 2
13277 1
9447 1
4844 3
10138 1
10967 2
7992 3
11083 1
4498 3
11072 2
3709 2
5271 1
6227 1
6502 1
3392 1
7970 2
11114 1
12853 1
2924 1
11328 2
6405 1
1650 1
7843 1
3874 2
5184 3
135 1
1704 3
11250 1
12112 1
10413 1
7497 1
7498 1
4352 2
1775 1
6167 1
7346 1
4048 1
11433 1
2803 1
9528 1
9540 1
9203 1
4183 1
5817 1
5478 1
8513 2
2752 3
3226 2
6384 2
6238 1
5964 1
5060 1
3208 2
7854 2
6528 1
2127 2
5895 1
3910 1
3911 1
3231 2
6920 1
4855 1
3736 3
11602 1
6900 2
2047 1
3628 1
1403 1
11889 2
7913 1
5226 1
11488 1
7856 1
7884 1
8218 1
2971 1
2862 1
6078 1
11591 1
9028 1
6392 1
2120 1
6846 2
4447 1
6669 1
8449 1
5502 1
6291 1
6264 3
10919 1
4764 2
1970 1
7826 1
6122 1
4944 1
4199 1
4351 1
5966 1
14107 2
7577 1
5509 1
3145 2
4816 1
2070 1
7569 1
9080 3
6474 1
6627 1
7013 1
5310 1
6540 2
4633 2
941 1
6951 1
13376 1
4520 1
4958 1
6481 5
8100 1
10009 1
5156 1
11019 1
2386 2
4499 1
2535 1
939 1
9317 1
6961 1
8452 1
8061 1
6562 1
9160 1
3527 1
1009 3
5081 1
6198 1
6855 1
6062 1
4666 1
7439 1
11794 1
4399 2
10737 1
2517 1
11678 1
1736 1
7908 1
2354 1
9326 1
3907 1
4172 2
6348 1
9105 1
3268 3
7196 1
7197 1
3499 1
7304 1
5033 1
4992 1
3214 2
3026 1
8182 1
1256 1
2041 1
2477 4
4081 1
3725 1
7334 1
4056 2
5924 3
1593 1
6957 1
11268 1
7435 1
11453 1
13268 1
13926 1
7972 1
3235 2
4750 1
4751 1
3715 3
4146 1
14202 1
3330 2
6840 2
8677 2
9020 3
3378 3
8229 1
8230 2
8232 1
7150 1
11624 1
7744 1
10239 2
12317 2
6703 1
12684 1
6728 1
2965 1
7396 2
3538 1
7098 1
7398 1
7124 1
2074 2
7802 1
7462 1
8364 2
5592 1
6649 1
1766 1
1418 2
10564 1
4001 2
4693 1
4588 1
2396 1
10539 1
1758 1
2107 3
3704 1
11461 1
6451 1
4132 1
6586 1
9029 1
7508 1
7853 1
7262 1
8575 1
6195 2
4818 3
3502 2
5897 1
4340 1
12649 1
5809 1
9304 1
9306 2
6537 1
2092 1
3971 1
5277 1
6820 1
7055 1
7342 1
10334 1
4578 1
6022 1
7184 1
4917 1
2256 1
12709 1
6531 1
12065 1
6979 1
3526 1
2485 2
3554 1
4562 1
12225 1
4134 1
4007 2
4128 2
7159 2
6976 1
4495 2
8217 1
12741 1
7721 1
2576 3
9764 1
6665 2
2967 1
8967 1
4474 1
5253 1
9620 2
9621 1
7278 1
10743 1
4197 1
13582 3
6408 1
7571 1
13914 1
2843 1
2844 1
9844 1
9205 1
9208 1
4521 1
2940 3
10744 1
8882 1
938 5
6685 1
13065 1
7002 1
6958 1
10014 2
13234 1
2159 3
11418 1
12464 1
12788 2
8198 1
6354 2
6208 3
12725 1
1566 2
6715 1
7934 1
4712 1
7609 1
7327 1
7481 1
10257 1
7198 1
4079 1
12561 1
7071 1
8308 1
2730 1
2978 1
7778 1
11042 1
12951 1
10481 2
9059 1
1965 1
6921 2
3947 2
11870 1
4919 1
7974 1
4577 2
2994 1
6280 1
8092 1
4691 1
7794 1
10961 2
7075 2
12160 1
2915 2
6659 1
9433 3
12309 1
7177 1
11580 1
9490 1
6403 1
7606 1
7506 1
4580 1
5609 1
8103 1
4569 2
13801 1
3618 1
5493 1
2483 1
8080 3
8451 1
5962 1
11952 1
1074 1
5767 1
2672 1
7158 1
4342 1
5015 3
3989 1
4885 1
3360 2
8969 1
9991 1
6394 1
6518 1
6014 3
8962 1
10292 1
9279 1
7032 1
9846 1
6583 1
3818 2
3529 1
6028 1
2162 1
4695 1
926 1
6969 1
7936 2
7326 1
8679 1
6484 1
11322 1
7418 1
5697 2
6845 1
9284 1
5228 2
7949 1
2123 1
5780 1
7686 2
7526 2
7605 1
8615 1
11096 3
3384 2
10765 1
7965 1
6844 3
2291 1
13663 2
5765 1
13754 1
8682 1
1346 2
9693 1
8961 2
9863 1
4106 1
6582 1
10086 1
8643 1
928 1
7693 1
4714 1
4522 1
10470 1
4107 1
7947 1
8723 1
5984 1
5991 1
8526 1
8701 2
5293 1
3367 4
11136 1
8683 1
8856 1
3027 1
4523 1
8974 1
4102 4
6514 1
4396 3
3039 1
9131 3
11068 1
3992 2
11069 1
13432 2
4701 2
9273 1
114 1
10933 1
450 1
493 1
642 1
726 1
6554 2
768 1
786 1
836 1
917 2
919 1
7979 2
6839 1
6873 1
946 1
8656 1
8039 3
10167 2
13295 1
6037 1
9054 1
1026 1
1041 1
1099 1
1146 1
7293 1
9560 3
5677 2
1189 1
12524 1
1234 1
1236 3
1388 1
12670 2
8140 1
7896 1
1410 1
1419 1
1515 3
1542 2
1567 2
1570 1
1575 1
1601 1
1609 2
6076 2
12095 2
10181 1
7368 2
1656 1
8303 2
1697 1
1725 3
1733 1
1857 2
1882 1
1899 2
1941 1
1959 1
1978 2
1985 1
5317 2
2015 1
2023 1
2026 1
2095 1
2121 1
2146 3
2173 1
8659 1
9281 1
11646 1
2219 1
2220 1
10111 1
2230 1
2232 2
2234 3
2237 1
9278 1
2249 2
2252 3
2317 1
2320 1
2335 2
2356 2
2358 1
2368 1
2370 1
2371 3
2377 1
2429 1
7205 2
2476 2
2501 3
2510 1
2519 1
2528 2
2545 1
2546 2
5663 1
2570 1
2582 1
2602 1
2609 1
10361 3
2625 1
5633 1
2633 1
2634 1
2637 1
2645 1
2658 1
2665 1
9593 1
2727 1
2740 1
2754 1
2763 1
2765 1
4407 1
8589 1
7519 2
2809 2
2824 1
12207 3
2867 1
4111 2
2930 3
2944 1
2960 1
12722 1
12720 1
10020 2
12718 2
2972 1
2979 1
3025 1
3504 1
8901 2
10588 1
6052 2
7891 2
3037 2
3047 2
3056 1
3058 3
13078 2
3064 1
3079 1
3083 1
3087 1
8375 1
8376 1
5565 1
8086 2
10385 1
3092 1
3099 1
3105 1
3138 1
3161 1
3164 2
12126 1
3196 3
3206 2
3224 1
3228 1
3312 2
11596 1
12306 1
3331 1
3333 1
3335 1
3342 1
3363 2
3365 3
7632 1
3371 1
3373 1
3377 3
3399 1
3401 1
10555 1
9383 1
11926 1
3402 1
3407 2
5561 1
5785 2
3414 1
3415 1
3417 1
3421 1
3434 1
9588 1
7733 1
7735 1
3451 2
3459 1
4963 2
5682 2
13778 1
8309 2
3474 1
8689 2
3530 1
3533 2
6988 4
3544 1
3556 1
3569 1
3580 2
3588 1
3590 1
4142 1
3591 1
3597 2
3603 2
3607 1
3608 1
3633 1
3637 2
6902 1
7723 2
10879 1
12015 2
3644 1
3667 2
3712 1
3724 1
3750 1
3752 1
3754 1
13100 1
3756 1
3833 1
3782 2
3794 1
3842 2
3853 3
3858 1
3883 1
7312 1
3914 1
3920 1
6437 2
3926 1
4492 1
11729 1
3953 1
3954 1
3986 1
3997 1
3999 1
4004 1
8989 1
4008 2
6692 1
4013 1
4032 1
4039 1
4040 1
4041 1
4044 1
4059 2
4067 1
4075 1
4077 3
4083 1
7600 1
9012 1
7602 1
4086 2
4095 3
4101 1
7078 1
7076 1
4158 1
4159 1
4160 1
4161 1
4163 1
4166 1
4175 1
4182 2
4186 1
4190 3
4192 1
4200 1
4203 1
4660 2
4207 1
4210 1
4213 1
4220 1
4222 1
4254 1
4257 1
4259 2
4260 1
4262 1
4264 1
4267 1
4269 1
4849 2
4273 1
4274 1
4315 2
4335 2
4345 2
4346 1
4353 4
4356 2
4365 2
8113 1
4374 3
7332 1
4377 1
4384 1
4387 1
4405 1
4409 1
4426 2
4432 1
4482 5
4488 2
4497 2
4503 2
4504 1
4526 1
4529 1
4533 2
4537 1
9407 2
4542 1
4545 1
4548 1
4551 1
4607 1
6984 1
4609 1
4611 2
4612 1
4614 1
4616 1
4619 1
4620 1
4623 1
4631 1
4636 1
4638 2
4655 1
4663 1
4665 1
4698 2
4704 1
4707 1
4708 1
4710 1
4717 2
4719 1
4722 2
4726 2
4728 1
4730 1
4735 1
4737 1
4741 1
7848 2
4748 1
4756 1
4758 1
4762 1
4765 2
4766 1
4768 1
4769 2
4774 1
4776 2
4779 2
4780 1
4781 1
4783 1
4787 1
7373 1
10918 1
4793 1
4798 2
8977 2
4817 1
4820 1
4841 1
4842 3
4843 1
4845 1
4853 1
5758 3
4864 1
4866 1
4882 1
4894 1
4897 1
4920 1
4922 1
4924 1
4929 1
10688 1
4930 1
4933 1
4937 1
6762 2
4950 1
6512 3
4954 1
4955 1
4956 1
4972 1
7362 2
4973 1
4975 1
4978 1
4981 2
4984 1
7756 4
4988 1
4994 2
4995 1
5091 1
5095 1
5097 1
7168 3
5132 1
5136 1
5139 1
5142 1
5148 1
5165 1
5179 1
5185 1
5189 1
5190 1
5196 1
5198 1
5203 1
8853 2
5207 1
5231 1
5248 1
5250 1
5260 1
5263 1
5266 1
5274 1
5282 2
5290 1
5292 5
5300 1
7220 1
8361 3
5326 1
5329 1
5333 1
5335 1
5337 1
5341 1
7135 2
5352 1
5359 2
5362 2
5364 1
5382 1
9240 2
5405 1
5407 1
5415 1
5422 1
5425 1
5428 2
5432 1
5434 1
5437 1
5439 1
5440 1
5444 1
5445 1
8660 1
6038 2
5446 1
5449 1
5451 1
5454 1
8808 1
7064 3
6241 2
7062 1
6865 1
10576 1
9439 2
9600 1
5459 1
5462 1
5474 2
8780 1
5492 1
7215 1
7218 1
5506 2
5508 1
5548 2
5551 1
7900 1
5562 1
5567 1
5568 1
5570 1
5574 1
5577 1
5581 1
5584 1
5586 1
5589 2
5599 1
5603 1
5605 1
5613 1
5618 1
5622 2
5623 1
5636 1
5638 1
5641 1
5644 1
5649 2
5659 1
5661 1
5662 1
5665 1
5667 1
5678 1
5679 1
5702 1
5712 1
5714 1
5717 1
5719 1
5763 1
5771 1
5772 1
5774 1
5781 1
5783 1
5794 1
5796 3
5800 1
5804 2
8455 3
5805 2
5808 1
5831 2
5832 1
5852 1
5861 1
5914 1
5918 1
5920 1
9194 3
5927 1
5934 1
5937 1
5940 1
5943 1
5947 1
9248 1
5953 1
5956 1
5957 1
5960 1
5961 2
5970 1
5971 1
5974 2
5992 1
5994 1
5995 1
5997 1
6000 1
6002 1
6004 1
6007 1
6011 1
6016 1
6018 1
6024 1
6029 1
6031 1
6032 1
6034 1
6039 1
6043 1
6048 2
6049 1
6051 1
6054 1
11953 1
13537 1
6069 1
7113 1
6070 1
6081 1
6083 1
6089 3
6097 2
6105 1
6107 1
6109 3
6123 2
6124 1
6144 2
8235 4
6148 1
6155 1
6160 1
6172 1
6185 2
6189 3
6201 1
6203 2
6267 2
6297 1
6300 1
6305 2
6306 1
6309 1
6315 1
6329 1
6339 1
6341 1
8838 2
6391 2
6396 1
6399 1
6404 1
6419 2
7527 2
7525 1
6428 1
6430 1
6433 1
6454 1
6460 1
6475 1
6478 1
6486 1
6490 1
6492 1
6496 1
6499 1
6507 1
6509 1
9164 2
7754 2
6527 1
6534 1
9039 1
9041 1
6550 1
6555 1
6563 1
8270 1
11740 2
11538 1
6566 2
6569 1
6590 2
6596 2
9101 2
6601 1
6605 2
6609 1
6617 1
6630 2
6634 1
6642 1
6644 1
6646 1
6793 1
6796 2
9597 2
6653 2
6687 2
6706 1
6708 1
6711 1
10849 2
6719 2
6732 1
6736 1
6755 1
6758 1
6767 2
6772 3
6778 2
6781 6
6797 2
6801 1
6806 2
6809 1
6813 1
6815 2
7986 1
7985 1
6831 1
6847 1
6850 1
6854 2
6870 1
8290 2
6877 1
6878 1
6880 1
6881 2
6886 3
6891 1
6893 1
6896 1
6905 1
6906 2
6907 1
6911 2
6926 2
6931 2
6936 2
6939 1
6942 1
6947 2
6963 1
6966 1
8117 2
6972 3
6997 1
7000 1
7026 1
9869 3
9868 1
7047 1
7057 1
9107 1
8472 2
7095 1
7104 2
7105 1
7108 1
7120 2
7121 1
7126 2
11517 4
7128 1
7136 2
7149 1
7151 1
7172 1
7189 2
7191 1
7192 1
7193 1
7222 1
7224 1
7233 1
7235 1
7234 2
7238 1
7244 1
7248 1
7255 1
7975 2
7267 1
7285 1
7295 1
7305 2
7308 1
7310 1
7311 1
7318 2
7321 1
7351 2
7352 1
7354 1
7357 1
7359 1
7367 2
7369 1
7391 2
7400 1
7410 1
7411 1
7414 1
7420 2
8753 1
8754 2
7430 1
7432 1
7447 1
7455 1
7459 1
8339 4
10815 1
7502 3
7514 2
7522 2
7523 1
7529 2
7532 1
7534 1
7537 1
7539 1
7538 1
7540 1
7542 1
7543 1
7546 2
7547 1
7550 2
7553 2
7554 1
7559 2
8183 2
7561 2
8159 1
7565 1
7566 1
7573 1
8622 1
8621 2
7583 1
9451 1
7587 1
7588 1
7592 1
7595 1
7598 1
7599 1
7607 2
7641 1
7658 1
7672 1
7677 1
7679 2
7684 1
7704 1
9259 3
9260 1
11987 1
7726 1
7728 1
7730 1
7738 1
7755 2
7765 3
7773 1
7774 1
7781 1
7784 1
7789 1
7790 2
7798 1
7791 1
7799 1
7809 1
7815 2
7831 2
7832 1
7835 2
7846 1
7847 1
7850 1
7859 1
7862 1
11984 2
7865 1
7868 1
7871 2
7872 2
7875 1
7873 1
7877 1
7880 1
7882 1
7881 1
7893 2
7903 2
7905 2
7919 2
7920 2
7924 1
7939 1
7943 1
7944 1
12365 2
7957 1
8957 2
10496 2
7976 1
7982 1
7984 1
7993 1
7996 1
8000 1
8005 2
8008 1
8011 1
8014 2
8019 2
8023 1
8025 2
8029 1
8031 1
8034 1
8041 1
8044 2
8045 2
8049 2
8064 2
8070 1
11974 1
8073 1
8074 1
8077 1
8095 1
8097 1
8109 1
8121 1
8127 1
8130 1
8134 3
8136 1
8147 1
8149 1
8152 2
8153 2
8158 1
8162 1
8164 1
8167 1
8170 1
8174 1
8177 1
8179 1
8186 1
8189 2
8192 1
8196 2
8199 1
8202 1
8207 1
8210 1
8215 2
13625 2
8221 1
8236 1
8243 1
8245 1
8247 1
8250 2
8257 1
8259 1
8264 2
8267 1
8277 1
8284 1
8293 1
8306 1
8310 1
11410 2
8314 1
8317 1
8322 1
8324 1
8327 1
8331 3
8333 1
8335 1
8341 1
8345 1
8434 2
8351 1
8355 1
8357 1
8362 1
9006 2
8373 1
8374 1
8381 1
8387 1
8390 1
8393 1
8395 1
11747 2
8400 1
8403 1
8407 1
8410 1
8413 1
8415 2
8421 2
8425 3
8429 1
8430 2
8437 2
8445 1
8450 1
8460 1
8461 1
8463 1
8466 1
8468 1
12846 2
8474 1
8477 3
8480 2
8483 1
8486 1
8490 2
8494 1
8496 1
8509 1
8511 1
8515 1
8518 1
8519 1
8521 1
8528 1
8544 1
8546 1
8555 1
8562 1
8564 1
8569 1
8571 1
10486 2
8585 2
8591 2
8595 1
8603 1
8604 1
8607 1
12902 2
8613 1
8618 1
8632 2
8635 3
8636 1
8639 1
8646 1
8650 1
10390 2
10748 1
8671 1
8691 1
8693 1
8694 1
8700 2
8704 1
8707 1
8708 2
8711 2
8716 1
8717 1
8725 1
8729 1
8735 2
8739 1
8744 1
8748 1
8757 1
8759 1
8761 1
8763 2
8767 1
8769 1
8773 1
8775 1
8785 1
8788 1
8792 1
8795 2
8802 1
8804 1
8816 1
8819 2
8824 1
8829 1
8836 1
8839 3
8847 1
8861 1
8863 1
8867 2
8869 1
8872 1
8873 1
10013 2
8878 1
8880 1
8891 2
8898 1
8913 1
8919 1
8924 1
12282 1
8928 2
8933 3
8943 1
8953 1
8964 1
8971 1
8982 2
8983 1
8986 1
8994 1
9001 1
9005 2
9017 1
11152 1
9031 1
9035 1
9042 2
9048 1
9049 1
9058 2
9061 1
9064 2
12291 1
9074 1
9076 1
9082 1
9091 2
9095 1
9097 1
9113 1
10133 1
10134 1
9116 1
9117 2
9123 2
9126 1
9135 2
9139 1
9140 1
9157 2
9167 1
9172 1
9175 2
9179 1
9183 1
9185 1
9188 1
9190 1
10279 2
9206 1
9212 1
9222 1
9226 1
9230 2
10062 2
9236 1
10347 1
9246 1
9252 1
9255 1
9303 1
9309 1
10118 1
9313 1
9321 1
9322 1
9327 1
11989 3
9335 1
9338 3
9340 1
9344 1
9348 1
11346 1
13748 1
9356 1
9841 3
9362 1
9363 1
9895 1
9366 1
12872 2
9369 1
9371 1
9376 1
9392 1
9393 1
9396 2
9408 1
9410 1
9414 1
9425 2
9435 1
10751 2
9454 1
9456 1
9459 1
9464 2
9469 1
9471 1
9474 1
9476 1
9479 3
9491 1
9499 3
9501 1
9506 1
9507 1
9510 1
11142 1
9512 2
9516 2
9523 2
10135 2
9531 1
9542 1
9543 1
9548 2
9549 1
9553 1
9567 2
9574 2
9583 1
9585 1
9591 1
9604 2
9936 3
9610 1
9623 1
9628 1
9630 1
9633 1
9636 2
9643 1
9645 1
9647 1
9648 1
9649 1
9650 1
9658 1
10290 1
9659 1
9663 2
9664 1
9667 1
9670 1
9679 2
9683 3
9685 1
9690 1
9692 1
9694 2
9701 2
9705 1
9708 1
9712 1
9714 6
9724 2
9728 1
9730 1
9733 1
9737 2
11458 2
9741 1
9745 1
9747 1
9765 1
9769 1
9781 3
9788 1
9790 1
9795 2
9797 1
9796 1
9800 1
9802 1
9804 1
9805 1
9808 1
9810 1
9812 1
9816 1
9819 1
9821 1
9820 1
9825 1
9831 1
9834 1
9838 1
9857 1
9864 2
9874 1
9875 2
9878 1
9880 1
9882 1
9886 1
9898 1
9900 1
9904 1
9908 3
9909 1
9910 1
9915 3
9922 1
9924 1
9929 1
9932 1
9938 1
9944 2
9946 1
9950 1
12081 1
9951 1
12777 1
9957 2
9961 2
9967 1
9969 2
9972 1
9978 1
9983 2
9988 2
9996 1
9998 1
10001 1
10004 1
10015 1
10024 3
10029 2
10030 1
10034 3
10043 1
10045 1
10047 1
10052 1
10057 1
10061 2
10063 1
10068 1
10071 1
10073 2
10076 1
10082 1
10088 1
10093 1
10097 2
10101 1
12114 2
10109 1
10122 1
10128 2
10131 1
10151 1
10168 1
10176 1
10183 1
10188 1
10192 1
10196 2
10201 1
10206 2
10214 1
10216 1
10219 1
10221 1
10227 1
10244 1
10252 1
10267 1
10271 1
10272 3
10275 2
10284 1
10294 2
10296 1
13701 1
10297 2
10301 1
10303 1
10310 1
10319 1
10323 1
10327 2
10328 1
10339 1
10354 1
10366 2
10372 2
10803 1
10375 1
10377 1
10379 1
10392 1
10406 2
10419 2
10424 1
10428 1
10429 1
10430 1
10434 1
10437 2
10448 1
10450 1
10453 1
10455 1
10472 1
10478 2
10494 1
10503 1
10508 2
10509 1
10511 3
10516 2
10517 1
10521 1
10528 1
10530 1
10532 1
10542 1
10548 2
10549 1
10556 1
10559 1
10565 1
10577 1
10581 1
10583 1
10589 1
10591 1
10594 1
10597 1
10601 1
10604 1
10606 1
10612 2
10616 1
10618 1
10621 1
10624 1
10629 1
10632 1
10634 1
10638 1
10641 1
10644 1
10648 1
10650 1
10652 1
10656 1
12147 2
10660 1
10672 2
10692 1
10696 2
10702 1
11709 1
11710 1
10715 1
10958 2
10752 1
10755 1
10758 1
10763 1
10767 1
10769 2
10774 1
10778 1
10783 1
10786 1
10789 1
10797 1
10800 1
10801 1
10806 2
10808 1
10811 1
10814 1
10818 2
10827 1
10837 1
10840 1
10845 1
10848 1
10853 1
10855 1
10864 1
10871 2
10878 1
10887 2
11414 2
10902 1
10906 2
10908 1
10914 1
10921 1
10930 1
10948 1
10985 1
11006 1
11027 1
11028 1
11040 1
11043 1
11066 1
11145 2
11147 1
11178 1
11204 2
11247 3
11232 1
11233 1
11242 1
11266 1
11272 1
11275 1
11278 1
11300 1
11303 1
11305 1
11308 1
11312 1
11319 1
11324 1
11344 1
11351 1
11360 1
11361 1
11362 1
11364 1
11366 1
12610 1
12612 1
11370 1
11384 1
11385 1
11386 1
11391 1
11399 1
11405 1
11426 1
11439 1
11441 1
11445 1
11447 1
11459 1
11463 1
11469 1
11473 1
11479 2
11486 1
11498 1
11501 1
11504 1
11512 1
11514 1
11525 1
11530 1
11541 1
11545 2
11548 2
11551 1
11555 1
11570 1
11572 1
11578 1
11584 1
11588 1
11593 1
11599 1
11605 1
11606 1
11614 1
11618 1
11632 1
11651 1
11652 2
11653 1
11657 1
11665 1
11667 1
11673 1
11679 1
11681 1
11684 1
11687 1
11689 1
11691 1
11693 1
11703 1
11712 1
11726 1
11732 1
11735 1
11742 1
11752 1
11757 1
11770 1
11776 1
11780 1
11786 1
11789 1
11791 1
11797 1
11798 1
11799 1
11802 2
11807 1
11809 1
11817 1
11823 1
11826 1
11831 1
11837 1
11858 1
11874 1
11878 1
11882 1
11893 1
11897 1
11910 1
11916 1
11919 1
13585 3
11934 1
11938 1
11940 1
11943 1
11945 1
11947 1
13152 2
11959 1
11969 1
11977 1
11990 1
11994 1
11996 1
11999 1
12004 1
12010 1
12018 1
12024 2
12028 1
12032 2
12036 1
12041 1
12044 1
12050 1
12058 2
12059 1
12063 1
12068 1
12071 1
12075 1
12078 1
12084 1
12087 1
12089 1
12100 1
12102 1
12108 2
12116 1
12118 1
12120 1
12127 1
12130 1
12135 1
12143 1
12145 1
12144 1
12151 2
12155 1
12163 1
12166 1
12171 1
12175 1
12180 1
12185 1
12188 1
12200 2
12204 1
12212 1
12218 1
12231 1
12236 1
12241 1
12245 1
12248 1
12253 2
12254 1
12261 1
12264 1
12267 1
12270 1
12272 1
12275 1
12279 1
12285 2
12288 1
12797 2
12296 1
12298 1
12319 1
12321 1
13615 2
12328 1
12343 1
12350 1
12356 1
12367 1
12371 2
12373 1
12377 1
12380 1
12384 1
12393 1
12398 1
12401 1
12403 1
12406 1
12409 1
12413 1
12420 1
12469 1
12486 1
12489 1
13095 2
12499 1
12504 1
12509 1
12516 1
12519 1
12530 1
12535 1
12537 1
12565 1
12568 1
12570 1
12571 1
12573 1
12580 1
12590 1
12594 1
12602 2
12603 2
12605 1
12608 1
12615 1
12622 1
12624 1
12633 1
12635 1
12639 1
12665 2
13191 2
12680 1
12686 1
12690 1
12694 2
12697 1
12704 1
12706 1
12708 1
12714 1
13066 2
12733 1
12746 2
12757 1
12763 1
12765 1
12771 1
12780 1
12790 1
12792 1
12803 1
12810 1
12817 1
12818 1
12822 1
12829 1
12843 1
12848 1
12858 1
12861 1
12866 1
12876 1
12879 1
12909 1
12912 1
12915 2
12919 1
12925 1
12927 1
12930 1
12935 1
12939 1
13352 2
12953 1
12960 1
12963 1
12966 2
12973 1
12978 1
12990 1
12996 1
13000 2
13003 1
13007 1
13019 1
13033 1
13037 1
13047 1
13053 1
13057 1
13059 1
13080 1
13087 1
13091 1
13097 1
13105 1
13107 1
13122 1
13126 1
13133 1
13142 1
13154 1
13158 1
13160 1
13161 1
13163 1
13166 1
13171 1
13176 1
13179 1
13184 1
13199 1
13203 2
13211 1
13215 1
13222 1
13225 1
13227 1
13237 1
13243 1
13251 1
13273 1
13288 1
13307 1
13325 1
13337 2
13342 2
13348 1
13355 1
13361 1
13378 1
13386 1
13388 1
13390 1
13395 1
13397 1
13403 1
13409 1
13413 1
13415 1
13424 1
13427 1
13433 1
13436 1
13438 1
13444 1
13448 1
13471 1
13479 1
13486 1
13506 1
13515 1
13526 1
13532 1
13573 1
13578 1
13580 1
13589 1
13594 1
13598 1
13607 1
13618 2
13626 2
13633 1
13635 1
13656 1
13658 1
13666 1
13673 1
13675 1
13681 1
13683 1
13692 1
13695 1
13698 1
13703 1
13722 1
13780 1
13788 1
13790 1
13793 1
13817 1
13821 1
13830 1
13891 1
13894 1
13916 1
13919 1
13935 1
13940 1
13945 1
13959 1
13978 1
13985 1
13995 1
13997 1
14006 1
14016 1
14032 1
14052 1
14059 1
14078 1
14083 1
14132 1
14150 1
14155 1
14159 1
14169 1
14177 2
14182 2
14185 1
14221 1
14226 1
