1 2
2 6
113 1
486 1
815 1
1434 1
1436 2
663 2
800 1
776 3
57 7
429 5
333 3
256 5
846 1
504 2
1133 2
206 2
1595 1
56 1
105 1
398 1
403 1
409 1
997 1
15 7
166 6
253 7
505 1
335 1
812 1
816 1
756 2
425 2
1116 1
77 4
648 3
902 1
78 4
59 9
46 2
892 1
476 2
557 5
893 1
894 2
896 1
269 6
408 1
25 9
141 1
134 1
137 1
140 1
153 1
542 2
123 8
955 1
583 1
814 2
334 1
336 1
1072 1
707 1
838 1
7 1
231 3
259 1
411 2
1600 1
1630 1
124 2
87 2
987 1
50 1
1428 6
40 1
45 2
51 1
496 1
689 1
111 1
222 2
851 2
1385 1
427 1
763 1
944 1
1024 1
1467 1
1781 1
243 1
29 2
81 2
430 2
591 3
749 2
1050 1
1420 1
195 2
376 1
1215 1
824 2
58 4
349 1
1021 1
280 1
1029 1
1058 1
861 1
370 1
332 1
942 1
61 1
79 2
375 2
473 1
680 1
258 2
367 7
823 1
284 3
899 3
36 3
90 1
251 1
18 3
314 1
47 2
1320 1
1463 1
35 1
441 4
1111 3
837 2
342 1
555 3
241 1
1125 1
168 3
354 1
355 1
180 32
469 1
419 1
752 1
1486 1
320 1
1448 1
1614 1
962 2
1054 1
862 1
1746 2
121 1
211 4
924 1
664 2
551 5
463 3
1382 1
103 1
971 1
1030 1
1682 1
1599 1
298 1
305 1
1107 1
996 1
1014 1
1156 1
192 2
1109 1
315 6
37 4
1203 2
391 1
226 1
330 3
739 3
1045 1
6 1
1449 1
912 1
422 1
1053 1
937 1
609 1
1251 1
774 4
934 1
11 1
12 1
1257 1
291 1
780 1
470 2
842 1
552 1
995 3
397 2
732 2
856 4
238 1
1248 1
650 4
954 3
578 1
266 1
1150 1
1768 1
773 1
769 1
660 1
1186 1
233 1
655 3
1097 1
855 1
1524 1
911 3
1277 9
86 1
665 1
26 1
1267 1
658 1
895 1
395 1
272 2
793 1
728 1
681 1
21 1
1172 1
19 1
22 1
3 1
31 1
798 2
62 1
65 1
67 1
159 3
75 7
212 1
821 2
672 1
671 2
833 1
88 1
96 1
108 2
129 1
132 2
182 1
133 1
142 1
161 1
163 1
187 1
1165 2
203 1
229 1
244 2
245 1
921 2
264 1
275 1
566 3
563 2
958 1
285 1
287 1
297 1
447 2
311 1
316 1
323 1
327 2
635 1
350 1
352 2
361 1
364 1
365 1
378 1
385 1
387 1
392 2
399 1
720 2
424 1
439 1
443 1
451 2
456 1
458 1
694 3
1190 1
478 1
480 1
482 1
488 1
492 1
497 3
1459 1
508 1
518 2
1312 1
520 1
522 1
538 2
546 2
558 2
572 1
751 3
576 1
581 1
585 1
1327 3
639 1
641 1
643 2
649 1
666 1
667 1
668 1
673 1
676 1
1071 1
692 2
700 1
702 1
709 1
711 1
713 1
716 1
730 1
735 1
740 1
759 1
1343 1
764 1
771 4
784 3
1183 1
928 1
791 1
795 1
803 1
811 1
828 1
831 1
832 1
1098 1
1270 1
1447 2
867 1
994 2
876 1
880 1
882 1
887 1
918 1
926 1
964 5
972 1
977 1
1375 1
985 2
1000 1
1003 3
1007 1
1037 1
1408 2
1048 1
1367 2
1059 1
1061 1
1063 1
1065 2
1086 1
1089 1
1095 2
1663 2
1114 1
1119 1
1118 1
1126 1
1128 1
1134 3
1136 2
1141 1
1166 1
1173 1
1655 3
1185 1
1191 4
1205 2
1217 1
1235 2
1238 2
1246 1
1261 1
1262 2
1263 1
1268 1
1272 1
1279 1
1283 1
1286 1
1290 1
1293 1
1298 1
1318 1
1306 1
1322 1
1330 1
1337 1
1345 1
1359 1
1369 1
1379 1
1391 1
1413 3
1422 1
1438 1
1443 1
1452 1
1461 1
1469 1
1477 1
1483 1
1490 1
1493 1
1499 1
1502 1
1514 1
1537 1
1562 1
1564 2
1567 2
1568 1
1571 1
1586 1
1591 1
1597 1
1608 7
1619 1
1626 1
1642 1
1651 1
1657 1
1669 2
1691 2
1695 1
1705 1
1713 1
1717 1
1725 1
1732 2
1736 1
1739 2
1752 1
1819 1
1821 1
1831 1
1835 1
1838 1
1842 2
1849 1
1853 1
1858 1
1861 2
1864 1
1866 1
1868 1
